#Position (bp)	Coverage	Std
4123641.0	0.8523353333056071	5.0390288185900145
1.2370922E7	0.7116832808291605	4.1289152049675835
2.0618203E7	0.6100343858782064	3.6695319261929393
2.8865484E7	0.7303477352111563	4.375842449164032
3.7112765E7	0.7147513222842777	4.260838795749518
4.5360046E7	0.8100039273549671	4.8353984405574115
5.3607327E7	0.3201576374080136	2.526245805710843
6.1854608E7	0.18552975216923007	1.9279368266076624
7.0101889E7	0.12221712828749257	1.4819740968660673
7.834917E7	0.1488328092616221	1.7035027132012037
8.6596451E7	0.23313817002233828	2.163898630946719
9.4843732E7	0.2212042975133259	2.110560738208833
1.03091013E8	0.150177009853308	1.7007932639451133
1.11338294E8	0.5834963062371707	3.7177096124522575
1.19585575E8	0.20912092118602482	2.0530827077188327
1.27832856E8	0.0	0.0
1.36080137E8	0.0	0.0
1.44327418E8	0.26553624158071004	2.370956172717058
1.52574699E8	1.5752649873334013	7.230541488633078
1.6082198E8	0.7216254666234848	4.18217597314171
1.69069261E8	0.2779217780987455	2.3657445379565574
1.77316542E8	0.2797376492931428	2.4473175191973597
1.85563823E8	0.2756372676037108	2.27362341966572
1.93811104E8	0.1385970721744536	1.7883745500490698
2.02058385E8	0.5911485251927272	3.768674595525509
2.10305666E8	0.32178229406758424	2.605716823561691
2.18552947E8	0.21581476367787153	2.179783064101552
2.26800228E8	0.5404005271555559	3.764715524890201
2.35047509E8	0.314233624390875	2.681831320121773
2.4329479E8	0.1990693660128714	2.14140229492057
2.481874265E8	1.0156808357910834	5.431414427215989
2.4904395E8	0.0	0.0
2.491474935E8	0.0	0.0
2.492273505E8	0.0023495872558387245	0.04847254125624862
2.493246215E8	0.0	0.0
2.493781395E8	0.0	0.0
2.494193325E8	0.1279317697228145	0.6933193919105696
2.49528459E8	0.0	0.0
2.49636853E8	0.20616026506319793	0.9931412845085105
2.49678084E8	0.0	0.0
2.52682327E8	0.10372850029890548	1.5537853188498598
2.59789352E8	0.1543090383363923	1.7119599210690721
2.68036633E8	0.18254100957636826	2.03595110730429
2.76283914E8	0.6961088145292976	4.298894959824312
2.84531195E8	0.24038625578539158	2.056491247639522
2.92778476E8	0.22718687528653383	2.180999843866645
3.01025757E8	0.22242094091373873	2.236622717709358
3.09273038E8	0.17105940733679378	1.9110133028870604
3.17520319E8	0.25135144540364274	2.3159632294501953
3.257676E8	0.4024205068312817	3.3743664991739615
3.34014881E8	0.2458544822226865	2.2293442265540153
3.42262162E8	0.24085162127978907	2.336306024681921
3.50509443E8	0.32422625105171027	2.6618806924151444
3.58756724E8	0.37100372838029894	2.970197161327045
3.67004005E8	0.14417515299890957	1.8487507072052518
3.75251286E8	0.13321275217856648	1.65384210127772
3.83498567E8	0.29465189800129277	2.833439095866237
3.91745848E8	0.06354797417476135	1.0241475923507999
3.99993129E8	0.18658209899723316	1.8348977831264286
4.0824041E8	0.19338082454083957	1.8177416250698182
4.16487691E8	0.33784528500968986	2.748142439694138
4.24734972E8	0.859346492498558	5.2125479841115245
4.32982253E8	0.20039853134627036	2.324044849631262
4.41229534E8	0.13399276682824315	1.5662618375449486
4.49476815E8	0.3791734512259253	2.7692277664264884
4.57724096E8	0.1994903532449058	1.9565936706942315
4.65971377E8	0.6754264829826946	4.3067001514466545
4.74218658E8	0.18259775555119317	1.9964834778491436
4.82465939E8	0.40118349308093176	3.227552052465384
4.892410255E8	0.561332382405676	3.578945581032107
4.91973207E8	0.0	0.0
4.92130842E8	0.0	0.0
4.93522301E8	0.05314632011711908	0.822102800068407
4.98960501E8	0.28911807418711694	2.5377907213180335
5.07207782E8	0.2517862553731345	2.218970246866029
5.15455063E8	0.09838333385269642	1.3384178227909875
5.23702344E8	0.12288704604584226	1.4864055224782737
5.31949625E8	0.5113048773286614	3.7843112151782825
5.40196906E8	1.6072442541972318	7.206701094196837
5.48444187E8	0.5826967700021377	3.7014685482670853
5.56691468E8	0.10304183887998966	1.409358277547728
5.64938749E8	0.12440281833491547	2.011970015303656
5.7318603E8	0.02462435801569026	0.5295849227985034
5.81433311E8	0.047933494687521866	1.1138078341462967
5.89680592E8	0.21187782979626862	2.3122526905923793
5.97927873E8	0.11669191337120682	1.4770453283469596
6.06175154E8	0.1988038239511907	2.1046561374969883
6.14422435E8	0.42734981383561443	3.190644372937629
6.22669716E8	0.4678277604461398	3.2458086802964896
6.30916997E8	0.2547526875827318	2.351609281348613
6.39164278E8	0.15624155403459636	1.9169712450518204
6.47411559E8	0.21039855438416613	2.2332477974296325
6.5565884E8	0.09485295820525577	1.402521601616007
6.63906121E8	0.1502504886155813	1.6649733618248634
6.72153402E8	0.1645189487298905	1.7289506302745765
6.80400683E8	0.3803242547452912	3.097655048076728
6.87513812E8	0.32570153723621953	2.7984843198025673
6.90580999E8	0.0	0.0
6.91715151E8	1.0883522085922381	5.5453824806333865
6.96895245E8	0.8634576656233733	10.082207795946262
7.05142526E8	0.1759074293697523	2.169499078859823
7.13389807E8	0.10098928361965598	1.3246151995685305
7.21637088E8	0.025347384186376092	0.94563612741046
7.29884369E8	0.2706867875606518	2.5527104051206186
7.3813165E8	0.12157109718948585	1.4464112510823064
7.46378931E8	0.1944746395812147	2.0672607502536455
7.54626212E8	0.044666721068434556	0.7916460034200529
7.62873493E8	0.2754028873273507	2.2999203019973744
7.71120774E8	0.2186377546733281	2.2596118410130397
7.79368055E8	0.21884812703726234	2.133669235910818
7.87615336E8	0.12719719383879366	1.6661564972387481
7.95862617E8	0.1592989253064131	1.7236394183275692
8.04109898E8	0.18699362856679674	2.2408470577660067
8.12357179E8	0.25362176940497116	2.5056246376107882
8.2060446E8	0.07633728012905101	1.2980079393750952
8.28851741E8	0.10110507935888204	1.5581552541837183
8.37099022E8	0.16337263153759402	1.9386736872331725
8.45346303E8	0.23151339211068472	2.2928120817501787
8.53593584E8	0.11361793056402468	1.6795274872815025
8.61840865E8	0.11613997388957646	1.4324506298059587
8.70088146E8	0.08050131916203655	1.2684618152626153
8.775425195E8	0.27978135743693655	2.5834134796938777
8.80978107E8	0.0	0.0
8.817710145E8	0.7566597340611843	4.4708209542283255
8.86582708E8	0.10793181413365205	1.6061646913963297
8.94829989E8	0.24480043786552197	3.8848302001277695
9.0307727E8	0.022155180598308705	0.5464207311274465
9.11324551E8	0.11785896466968931	1.631473072028527
9.19571832E8	0.279778632497183	2.289841961991937
9.27819113E8	0.07429005996036754	1.1955484282146707
9.36066394E8	0.16944178329803483	1.8525068032845902
9.44313675E8	0.15203216672258407	1.860479166029151
9.52560956E8	0.22418819002286935	2.302535683724226
9.60808237E8	0.301038002706589	2.753519050823969
9.69055518E8	0.08885182886335509	1.211950780796081
9.77302799E8	0.13912366997074552	1.5869769160603937
9.8555008E8	0.05153698534098693	0.9649609064544268
9.93797361E8	0.17116804920312526	1.9801000172025722
1.002044642E9	0.11378368216142994	1.655462970170174
1.010291923E9	0.2537610880482913	2.3172552242359905
1.018539204E9	0.9855811873028214	5.475994558490602
1.026786485E9	0.2604722695880012	2.472938010558013
1.035033766E9	0.3849654207247213	3.073798770281435
1.043281047E9	0.1027425887392463	1.448713475556071
1.051528328E9	0.17502350168497957	1.919959750252306
1.0591365945E9	0.7373393873546257	4.589691006142817
1.062667565E9	0.0	0.0
1.0633065795E9	0.11617510587679485	1.4961635631611656
1.06802289E9	0.21888607893922857	2.4795324738449063
1.076270171E9	0.19514807364997022	2.2832721349569676
1.084517452E9	0.14219983531542094	1.5977256132268998
1.092764733E9	0.5980002378965867	3.3428624114114474
1.101012014E9	0.47706923045304267	3.2113312464861465
1.109259295E9	0.6275922937511162	4.101247145136983
1.117506576E9	0.3025478336435972	2.75224263352167
1.125753857E9	0.07005811976092484	1.3631803994144507
1.134001138E9	0.18197342857603616	1.9278504423108487
1.142248419E9	0.13709100005201713	1.5907277617063988
1.1504957E9	0.23194977835725494	2.2321637435045676
1.158742981E9	0.09065787863903267	1.4104139438934045
1.166990262E9	0.14480651259487823	1.8381549047323567
1.175237543E9	0.2746058973860597	2.571980098111855
1.183484824E9	0.1329320536065159	1.557563688337419
1.191732105E9	0.20828391805735733	2.028524929060119
1.199979386E9	0.2018261533710322	2.193058969243512
1.208226667E9	0.21362240476588587	2.223140264848434
1.216473948E9	0.2874668633213783	2.5774981213798447
1.224721229E9	0.20890303119294712	2.1209765199237927
1.231182379E9	0.22677512112784995	2.1583821177130162
1.2353060195E9	0.5262475148799276	3.8198909921462554
1.241215791E9	0.3564744550355444	3.1492435709692765
1.249463072E9	0.09209750462000749	1.2385613374152213
1.257710353E9	0.23164870943526722	2.188263651655517
1.265957634E9	0.17168809938693735	1.9289801765490682
1.274204915E9	0.2899598061470198	2.678816602198261
1.282452196E9	0.23532070751560424	2.5397797771078325
1.290699477E9	0.05831558303882213	1.0612469087028311
1.298946758E9	0.11182339973622822	1.7214734941982959
1.307194039E9	0.3888616139064499	3.1116796760934116
1.31544132E9	0.11585685027586667	1.605874437377466
1.323688601E9	0.29411087120712875	2.701554262792176
1.331935882E9	1.1496815738423367	8.687673387630715
1.340183163E9	0.3092160919459395	2.7148935531162603
1.348430444E9	0.13911033224162	1.6773838657763276
1.356677725E9	0.15411503500365756	1.912360233397138
1.364925006E9	0.38501295154124127	3.024919958524606
1.373172287E9	0.3768917295287986	2.5737261947772976
1.381419568E9	0.6148185080634454	4.3496594951799015
1.389204535E9	0.21021192728919422	2.1301283073465007
1.3933281755E9	0.14693801182745925	1.922079761347079
1.39791413E9	0.12010176444818602	1.3931381678969612
1.406161411E9	0.0992872681311574	1.253390433026696
1.414408692E9	0.3778686575612011	2.8969578576650554
1.422655973E9	0.25227223372163504	2.455863460088807
1.430903254E9	0.23652801450562919	2.284962516634855
1.439150535E9	0.12611938407336915	1.4534733370671542
1.447397816E9	0.18443957469134373	2.2420704740295254
1.455645097E9	0.13566349927933824	1.769481326623293
1.463892378E9	0.1544877639066742	1.6662842826499464
1.472139659E9	0.1044213238278167	1.716287791274566
1.48038694E9	0.09545533855339718	1.1949932296488117
1.488634221E9	0.21873451383552955	2.134451443140474
1.496881502E9	0.18057126948869573	1.9166050764283986
1.505128783E9	0.10248880812961265	1.373548369200412
1.513376064E9	0.1764868930742144	1.8260319693804676
1.521623345E9	0.10605737818318546	1.5087319654299385
1.529870626E9	0.09848106303156155	1.4271901299964038
1.535999382E9	2.1038446413685397	9.16946966801898
1.5401230225E9	0.22514154895505128	2.5357846977743757
1.546365188E9	0.14803169674951053	1.83524209948739
1.554612469E9	0.16395415652746645	1.7568989802475876
1.56285975E9	0.1206979609400965	1.6308654249967713
1.571107031E9	0.7129521838773288	4.672358204173685
1.579354312E9	0.15797946013965086	2.2074397103188335
1.587601593E9	0.0	0.0
1.595848874E9	0.028128421961128764	0.8484593783414305
1.604096155E9	0.14445985288969782	2.1819246050234637
1.612343436E9	0.18850103446214578	1.93825603707416
1.620590717E9	0.14766272666106564	1.842526912688537
1.628837998E9	0.30636545547556826	2.903638829094636
1.637085279E9	0.27685839733119316	2.421162401833629
1.64533256E9	0.2513440490265822	2.4515617437054114
1.653579841E9	0.3063635154422409	2.7560879517247407
1.661827122E9	0.5070197074647996	3.460804757069039
1.670074403E9	0.8356426802966942	4.364442169617582
1.675298629E9	2.7494656253421472	9.502298886821558
1.6764192455E9	0.0	0.0
1.6764583035E9	0.0	0.0
1.676565753E9	0.0	0.0
1.6766737005E9	0.0	0.0
1.679569275E9	0.20727216273572482	2.1892630787127163
1.686568965E9	0.15628920610319935	1.6452256251437811
1.694816246E9	0.18561935745853694	1.7639176752497125
1.703063527E9	0.2462924447463352	2.346418649390708
1.711310808E9	0.16021425728067226	1.952467752648894
1.719558089E9	0.1520704823807992	1.88680023130686
1.72780537E9	0.2605575098023215	2.628080705635062
1.736052651E9	0.16881709256662894	2.163977945742503
1.744299932E9	0.2738888125674389	2.4276370407489543
1.752547213E9	0.41767183633005833	3.310143624480165
1.760794494E9	0.17898917231024383	2.1565085639821286
1.769041775E9	0.38756154907296114	2.846615250066784
1.777289056E9	0.7668969930817199	4.39713043068318
1.785536337E9	0.09511474145236473	1.3663899541659807
1.793783618E9	0.24796269218909844	2.1648740485991267
1.802030899E9	0.2958200405685219	2.6730049401661704
1.8083225935E9	0.42861386293883824	3.1732896817525846
1.812446234E9	1.4187897083560355	6.303871144468012
1.818525461E9	0.8939916076583301	5.14093177427667
1.826772742E9	0.3255643890392482	2.5997139795180044
1.835020023E9	0.07619990151905823	1.1063698873899643
1.843267304E9	0.24389577607456325	2.3977310193895476
1.851514585E9	0.05669286641257888	1.0376802663827542
1.859761866E9	0.4394635031836553	3.3329489380246535
1.868009147E9	0.6690528672419431	4.256250840039489
1.876256428E9	2.0310450195646297	7.681653800961885
1.884503709E9	0.5335890701432388	3.679224955886926
1.89275099E9	0.16128697445861248	2.0949669957036607
1.900998271E9	0.24199187586793758	2.4166161428693833
1.909245552E9	0.1909883996919712	2.213859246264674
1.917492833E9	0.21975412260113364	2.127301565580337
1.925740114E9	0.6384849746237579	3.985114618565996
1.933987395E9	0.42862708327750687	3.108200863627136
1.9418441525E9	0.2288288848166291	2.3373999648504555
1.9456274275E9	0.03207863152438295	0.3163916440034899
1.946017951E9	0.5611805544333959	3.100812845410587
1.950481957E9	0.6734765069845443	3.9908370796027444
1.958729238E9	0.2655233888599164	2.174064299029954
1.966976519E9	0.14085442220290542	1.365099656636956
1.9752238E9	0.22639861549521595	2.1122665201534043
1.983471081E9	0.21315946431314756	2.4850046155471297
1.991718362E9	0.7053683510965614	4.455181640503972
1.999965643E9	1.56335985156805	6.362898793760317
2.008212924E9	0.14177254297507264	1.591342544196539
2.016460205E9	0.1782321955563294	1.8093845147685321
2.024707486E9	0.16559154465574774	1.6986098438649195
2.032954767E9	0.11562610756199528	1.5398838369265
2.041202048E9	0.191530153998633	1.9516205912182174
2.049449329E9	0.28253056977202545	2.1808834810065076
2.05769661E9	0.4629814359423427	2.997110019629906
2.065943891E9	0.6129365544838353	3.651870139528728
2.074191172E9	0.2512173405998898	2.5094828614678413
2.0786338535E9	1.6299143370287832	6.586192573620286
2.082757494E9	0.0	0.0
2.090685734E9	0.0	0.0
2.098933015E9	0.0	0.0
2.107180296E9	0.0	0.0
2.115427577E9	0.0	0.0
2.123674858E9	0.0	0.0
2.131922139E9	0.0	0.0
2.14016942E9	0.0	0.0
2.148416701E9	0.0	0.0
2.156663982E9	0.0	0.0
2.164911263E9	0.0	0.0
2.173158544E9	0.0	0.0
2.181405825E9	0.0	0.0
2.189423344E9	0.0	0.0
2.1935469845E9	0.0	0.0
2.197900387E9	0.0	0.0
2.206147668E9	0.0	0.0
2.214394949E9	3.637562488776604E-5	0.006031220845547445
2.22264223E9	0.0	0.0
2.230889511E9	0.0	0.0
2.239136792E9	0.0	0.0
2.247384073E9	0.0	0.0
2.255631354E9	1.818781244388302E-5	0.004264717158720261
2.263878635E9	0.0	0.0
2.272125916E9	0.0	0.0
2.280373197E9	0.0	0.0
2.288620478E9	3.7588145717358242E-6	0.0019387662498960064
2.2965525295E9	1.0109203024568514E-5	0.003179497291171753
2.300461795E9	0.0	0.0
2.300668236E9	0.007079503535016313	0.1296019092273973
2.3008708475E9	0.0014326204586446792	0.03983992706713014
2.300979636E9	0.0	0.0
2.3010753705E9	0.0	0.0
2.301178399E9	0.024740915650006558	0.23236714560825228
2.301217234E9	0.0	0.0
2.3013234165E9	0.0	0.0
2.301431691E9	0.0	0.0
2.3053461205E9	0.0	0.0
2.313362321E9	0.0	0.0
2.321609602E9	0.0	0.0
2.329856883E9	6.6688645627571075E-6	0.0025824144831450096
2.338104164E9	1.4550249955106416E-4	0.021158040795060413
2.346351445E9	0.0	0.0
2.354598726E9	0.0	0.0
2.362846007E9	0.0	0.0
2.371093288E9	0.0	0.0
2.379340569E9	0.0	0.0
2.38758785E9	0.0	0.0
2.395835131E9	0.0	0.0
2.4017017605E9	0.0016781517267177245	0.08880570097096367
2.4036688735E9	0.0	0.0
2.406049525E9	2.7822506320925657E-4	0.024219644401453324
2.412329693E9	0.0	0.0
2.420576974E9	7.275124977553208E-5	0.01206244169109489
2.428824255E9	0.0	0.0
2.437071536E9	3.6120995513551677E-4	0.03532085335276338
2.445318817E9	0.0	0.0
2.453566098E9	0.0	0.0
2.461813379E9	0.0	0.0
2.47006066E9	0.0	0.0
2.478307941E9	0.0	0.0
2.486555222E9	0.0	0.0
2.4924551025E9	0.0	0.0
2.495167722E9	0.0	0.0
2.4975151225E9	1.063060011155043E-4	0.01259961487503301
2.503049784E9	0.0	0.0
2.511297065E9	6.668864562757108E-4	0.06330771161662742
2.519544346E9	0.0	0.0
2.527791627E9	0.0	0.0
2.536038908E9	0.0	0.0
2.544286189E9	0.0	0.0
2.55253347E9	0.0	0.0
2.560780751E9	3.637562488776604E-5	0.0077394139947320785
2.569028032E9	0.0	0.0
2.5762566075E9	0.0	0.0
2.579454338E9	0.0	0.0
2.579687553E9	0.0	0.0
2.579884248E9	0.0	0.0
2.5806697385E9	0.0	0.0
2.585522594E9	0.0	0.0
2.593769875E9	0.0	0.0
2.602017156E9	0.0	0.0
2.610264437E9	0.0	0.0
2.618511718E9	0.0	0.0
2.626758999E9	0.0	0.0
2.63500628E9	0.0	0.0
2.643253561E9	9.21515830490073E-6	0.004293054461546169
2.651500842E9	0.0	0.0
2.6579691455E9	0.0	0.0
2.662092786E9	0.002823250996710189	0.17094315213548944
2.667995404E9	2.631170200215077E-5	0.0051294933475101384
2.676242685E9	0.0	0.0
2.684489966E9	0.0	0.0
2.692737247E9	0.0	0.0
2.700984528E9	0.0	0.0
2.709231809E9	8.48764580714541E-6	0.002913356450409975
2.716143437E9	1.004308663507279E-5	0.003169082932817125
2.7202670775E9	0.0	0.0
2.725726371E9	0.0	0.0
2.733973652E9	0.0	0.0
2.742220933E9	0.0	0.0
2.750468214E9	3.1161785320519574E-5	0.0064489894134672375
2.758715495E9	0.0	0.0
2.766962776E9	0.0	0.0
2.775210057E9	0.0	0.0
2.7813546445E9	2.968905171684364E-4	0.02597943627235931
2.785478285E9	0.0	0.0
2.791704619E9	1.1518947881125913E-5	0.004736204740871717
2.7999519E9	0.0	0.0
2.808199181E9	0.0	0.0
2.816446462E9	0.0	0.0
2.824693743E9	0.0	0.0
2.829451479E9	0.0	0.0
2.8335751195E9	0.0	0.0
2.841188305E9	1.5981024534025213E-4	0.01524599104790584
2.849435586E9	3.804890363260328E-4	0.03248471760680848
2.857682867E9	0.0	0.0
2.865930148E9	0.0	0.0
2.874177429E9	1.0306427051533712E-5	0.004293054461546169
2.879602556E9	0.001152528282083602	0.062247892208211114
2.8809794195E9	0.0	0.0
2.881075568E9	0.0	0.0
2.8811862255E9	0.0	0.0
2.8813586365E9	0.0	0.0
2.881462567E9	0.0	0.0
2.8815749325E9	0.0	0.0
2.8817178115E9	0.0	0.0
2.881819418E9	0.0	0.0
2.881906098E9	0.0	0.0
2.8842457205E9	0.0	0.0
2.890671991E9	0.0	0.0
2.898919272E9	0.0	0.0
2.907166553E9	0.0	0.0
2.915413834E9	0.0	0.0
2.923661115E9	0.0	0.0
2.931908396E9	1.6369031199494718E-4	0.02443450954063126
2.940155677E9	0.0	0.0
2.948402958E9	0.0	0.0
2.956650239E9	0.0	0.0
2.96489752E9	0.0	0.0
2.973144801E9	0.0	0.0
2.981392082E9	0.0	0.0
2.989639363E9	0.0	0.0
2.997886644E9	0.0	0.0
3.006133925E9	0.0	0.0
3.014381206E9	3.637562488776604E-5	0.00705076974615398
3.022628487E9	0.0	0.0
3.030875768E9	0.0	0.0
3.036491697E9	8.95269245859631E-4	0.05961209947056587
3.0406153375E9	0.0	0.0
3.04737033E9	3.581786530615363E-4	0.04305745404046175
3.055617611E9	0.0	0.0
3.063864892E9	0.0	0.0
3.072112173E9	0.0	0.0
3.080359454E9	0.0	0.0
3.088606735E9	0.0	0.0
3.093970888E9	7.218790620811962E-4	0.049613331407383256
3.0952300205E9	0.0	0.0
3.0952497775E9	0.0	0.0
3.095251997E9	0.0	0.0
3.0952540505E9	0.0	0.0
3.0952557575E9	0.0	0.0
3.0952672315E9	0.0	0.0
3.0952801775E9	0.0	0.0
3.095282986E9	0.0	0.0
3.0952843085E9	0.0	0.0
3.0952861685E9	0.0	0.0
3.0952878055E9	0.0	0.0
3.095294504E9	0.0	0.0
3.0953195485E9	0.0	0.0
3.095338983E9	0.0	0.0
3.0953408955E9	0.0	0.0
3.095343463E9	0.0	0.0
3.095345222E9	0.0	0.0
3.095346809E9	0.0	0.0
3.095349042E9	0.0	0.0
3.0953512725E9	0.0	0.0
3.095353364E9	0.0	0.0
3.095355108E9	0.0	0.0
3.095356321E9	0.0	0.0
3.0953577535E9	0.0	0.0
3.095359376E9	0.0	0.0
3.095556087E9	7.54984555974708E-4	0.027476982293816548
3.095752734E9	0.0	0.0
3.0957542375E9	0.0	0.0
3.0957570845E9	0.0	0.0
3.095805536E9	0.0	0.0
3.09590828E9	4.444246922359006E-4	0.021081382597825517
3.09596656E9	0.0	0.0
3.095969795E9	0.0	0.0
3.0959721615E9	0.0	0.0
3.0959744135E9	0.0	0.0
3.095976482E9	0.0	0.0
3.0959781075E9	0.0	0.0
3.095990102E9	0.0	0.0
3.0960705095E9	0.0	0.0
3.0961424095E9	0.0	0.0
3.09614931E9	0.0	0.0
3.096156554E9	0.0	0.0
3.096162411E9	0.0	0.0
3.096166714E9	0.0	0.0
3.09616929E9	0.0	0.0
3.096171731E9	0.0	0.0
3.0961743065E9	0.0	0.0
3.096175887E9	0.0	0.0
3.096222038E9	0.0	0.0
3.0962682935E9	0.0	0.0
3.096269694E9	0.0	0.0
3.0962711935E9	0.0	0.0
3.096273378E9	0.0	0.0
3.096275639E9	0.0	0.0
3.0962799385E9	0.0	0.0
3.096298978E9	0.0	0.0
3.0963367315E9	0.0	0.0
3.096361311E9	0.0	0.0
3.09636591E9	0.0	0.0
3.0963714185E9	0.0	0.0
3.0963777495E9	0.0	0.0
3.096382349E9	0.0	0.0
3.0963867675E9	0.0	0.0
3.0963904915E9	0.0	0.0
3.0963918375E9	0.0	0.0
3.0963930415E9	0.0	0.0
3.096395075E9	0.0	0.0
3.0963969485E9	0.0	0.0
3.0963981865E9	0.0	0.0
3.0963996145E9	0.0	0.0
3.0964008415E9	0.0	0.0
3.096401915E9	0.0	0.0
3.096403377E9	0.0	0.0
3.096405706E9	0.0	0.0
3.0964088985E9	0.0	0.0
3.0964148235E9	0.0	0.0
3.0964195075E9	0.0	0.0
3.096420554E9	0.0	0.0
3.0964217255E9	0.0	0.0
3.096423568E9	0.0	0.0
3.09642553E9	0.0	0.0
3.09642687E9	0.0	0.0
3.0964283815E9	0.0	0.0
3.0964299295E9	0.0	0.0
3.0964310225E9	0.0	0.0
3.0964324015E9	0.0	0.0
3.0964340375E9	0.0	0.0
3.0964356545E9	0.0	0.0
3.0964371835E9	0.0	0.0
3.0964386665E9	0.0	0.0
3.096439981E9	0.0	0.0
3.0964414315E9	0.0	0.0
3.0964428915E9	0.0	0.0
3.096445494E9	0.0	0.0
3.0964481695E9	0.0	0.0
3.0964500655E9	0.0	0.0
3.0964522185E9	0.0	0.0
3.096453769E9	0.0	0.0
3.0964556835E9	0.0	0.0
3.096458275E9	0.0	0.0
3.0964636735E9	0.0	0.0
3.0964714905E9	0.0	0.0
3.0965667595E9	0.0	0.0
3.0967478065E9	0.0	0.0
3.0969183065E9	0.0	0.0
3.097089054E9	0.0	0.0
3.0972576165E9	0.0	0.0
3.0973438365E9	0.0	0.0
3.09743346E9	0.0	0.0
3.0976209085E9	0.0	0.0
3.0978104735E9	0.006897288570207512	0.11390983243951008
3.097915655E9	0.0	0.0
3.0979698435E9	0.01804891255301868	0.22292301936463352
3.098102454E9	0.0	0.0
3.098248482E9	0.0	0.0
3.098374522E9	0.0	0.0
3.0985283265E9	0.0	0.0
3.0986781225E9	0.0	0.0
3.098767366E9	0.0	0.0
3.0988127105E9	0.0	0.0
3.098864278E9	0.0	0.0
3.098902735E9	0.0	0.0
3.0989608915E9	0.0	0.0
3.099036312E9	0.0	0.0
3.0991407965E9	0.0	0.0
3.099303025E9	0.0	0.0
3.0994846985E9	8.493386483058525E-4	0.029143415179176454
3.099653576E9	0.0	0.0
3.099967721E9	0.603641711424553	2.6794264768517833
3.100340622E9	0.5271532590011447	2.37287540386275
3.100728804E9	0.43544870957695825	2.3773391624787066
3.101515147E9	0.5503176335209645	2.6561736861664627
3.1022054085E9	0.334366470076127	1.5219890821485695
3.1025331485E9	0.41925141024981566	2.3930972571113682
3.1027912175E9	0.27789410348977134	1.618552189870855
3.1029573855E9	0.22877040496942264	1.544209348085328
3.103062931E9	0.0	0.0
3.1031786555E9	0.2313586496080303	2.4617060279924177
3.10334208E9	0.0	0.0
3.103482767E9	0.0	0.0
3.1038287865E9	0.05711952379223985	0.46882407645481966
3.1041653075E9	0.14794053531330414	1.2039079580710386
3.1044847005E9	0.21571355589785665	1.3513085170678507
3.1048490495E9	1.2375881170553096	3.94560926073536
3.10508024E9	0.2807260618014989	2.184823348904469
3.105629184E9	0.17202495512961966	1.0929565211611298
3.1062829545E9	0.05316018256900674	0.6511438116276583
3.10667802E9	0.21498586496420033	1.662929392842157
3.106949138E9	0.17006668080393958	1.0333839906529378
3.1071604535E9	0.43465636375733036	2.6791055185340875
3.107433246E9	0.6870530106606119	3.603356857517774
3.107642847E9	0.0	0.0
3.107807231E9	1.4775850444376342	5.246541603243543
3.108016786E9	0.0	0.0
3.1083486805E9	0.6443653913739977	3.339220131697749
3.108735868E9	0.32157658147671164	2.037234416571413
3.1090516455E9	0.11987281582531219	0.9963636768765887
3.109292268E9	0.16221474666013175	1.4674239962642808
3.1095754895E9	0.2637465202347481	1.6909332822367191
3.110268924E9	0.3171135195013648	1.7800803924137278
3.1108372965E9	0.0	0.0
3.111178416E9	0.3640669541992205	2.3388748299521387
3.111696332E9	0.14553172250028493	0.9880538419917448
3.112024148E9	0.6952259908125036	2.4858977904351933
3.1123518825E9	0.4664372962951888	3.0486936320142766
3.112689607E9	0.10897614009589558	0.9194285068559158
3.112942537E9	0.19149983994484254	1.177456260747427
3.113198274E9	0.07398527145059086	1.1045314501035515
3.113375336E9	0.0	0.0
3.1136852375E9	0.14107964455586489	1.5757731490484503
3.1140417195E9	0.24004845507948624	1.8922249031583485
3.1144303125E9	0.03908581227042339	0.3632323384254218
3.1148938345E9	0.6864050641889495	3.273345933808883
3.115306268E9	0.0793793935761134	0.8029825403316659
3.1157007715E9	0.02094830824352047	0.37188353019674186
3.116016147E9	0.0	0.0
3.116211793E9	0.0	0.0
3.1163825765E9	0.0	0.0
3.116618425E9	1.0785053876246409E-4	0.010385111398654523
3.116824178E9	0.0	0.0
3.116974473E9	0.1765993550801536	1.022821867419473
3.117223447E9	0.08567608168116612	1.1052059082848815
3.117423554E9	0.0	0.0
3.11752243E9	0.04781773099787897	0.42189699262238933
3.117654662E9	0.0	0.0
3.1179713535E9	0.11779469981378185	1.1741444406961365
3.1183238915E9	0.09333401206444551	1.2208524874658668
3.1185300955E9	0.13844708332861655	1.5327477577157729
3.1186638935E9	0.39327115549591957	2.5838993656676474
3.1188122E9	0.08867184271552961	0.9712905844087946
3.1189417835E9	0.0	0.0
3.119031296E9	0.0	0.0
3.1192646035E9	7.945676203432767E-4	0.036884149729280155
3.119573191E9	0.0	0.0
3.11979312E9	0.0	0.0
3.1199932505E9	0.05937542281152754	0.6626065877960863
3.1202658475E9	0.221409087669511	1.4421030717416032
3.120630526E9	0.44416948951090507	2.8864614725321025
3.1208975455E9	0.0	0.0
3.121056931E9	0.8600485864649209	3.3797402006977424
3.1212748515E9	0.768502043969206	3.0346500766172575
3.122440861E9	0.07899894603358894	0.7581810567008814
3.123559647E9	0.0	0.0
3.123731843E9	0.03166910582759531	0.47803408904903344
3.123905589E9	0.0	0.0
3.124156243E9	0.0	0.0
3.124488596E9	0.13986809263269254	1.3581351677116784
3.1246848165E9	0.5102494552892525	2.1833046818748345
3.1249839605E9	3.485725864198988	8.771330599658164
3.125478813E9	0.18458035660496122	1.6003246373319064
3.1258153425E9	1.296521394363699	4.5511794233295815
3.1259283855E9	0.0010755813953488372	0.032796057619001055
3.1260669835E9	0.38229213001861645	2.44008670553514
3.126229539E9	0.0036445362327643806	0.0655785998223656
3.1264622605E9	0.2371087469461903	1.8474667709472432
3.1268141995E9	0.0	0.0
3.1271087395E9	0.0	0.0
3.1273657625E9	0.2385436845789448	1.7569382323619736
3.127558334E9	1.0486132528133	4.287631637996824
3.12766468E9	0.0	0.0
3.127828692E9	0.08262318504939963	0.780253150447898
3.128042349E9	0.0	0.0
3.128360835E9	0.0	0.0
3.128664108E9	0.1012812304315094	0.8619710207571168
3.128969306E9	0.20316614239312186	1.3654686566378431
3.1294982675E9	0.6822995102229096	3.5089429482084196
3.1301334265E9	0.685197645821274	3.3370751373874326
3.1305637235E9	0.05668808216437321	0.8488521576517885
3.1308685615E9	0.06837559104955508	1.0305833729909273
3.132525107E9	0.18758338833307264	1.6801215296277776
3.135708871E9	0.1373088826326761	1.5274879657267517
3.1375838995E9	0.0	0.0
3.1377919885E9	0.0	0.0
3.1379456385E9	0.0	0.0
3.13807759E9	0.8556101211355877	3.510878948106956
3.1381825785E9	0.2204090344613474	1.2986571527915827
3.1383378E9	0.3382247276620164	1.757880197159157
3.1385240455E9	3.6275981104651165	8.35623548684621
3.1386262505E9	0.5104097734792568	2.977932753069146
3.1387278365E9	0.0	0.0
3.138876827E9	0.0	0.0
3.1392287105E9	0.06215901191571231	0.8089046486806432
3.139683903E9	0.014087938083512124	0.3415035101352174
3.1400953865E9	0.3774038361845516	2.0024189622461335
3.1405015935E9	0.7310669848923566	2.708251208953756
3.1406793795E9	0.0	0.0
3.140919565E9	0.0	0.0
3.1413571285E9	0.0	0.0
3.1417136825E9	0.3740032224589	3.4665204883640524
3.141952908E9	0.0	0.0
3.1421298615E9	0.07648456057007126	0.9296578176712358
3.14226876E9	0.8648591826101264	3.480109757735325
3.142455731E9	0.1491239675669546	1.4368431800007424
3.1426861345E9	0.2586695335826599	1.3953930287413998
3.1428269075E9	0.0	0.0
3.142876723E9	0.0	0.0
3.142986396E9	4.801823423528895	9.213282004289372
3.143306311E9	0.24251950757880647	1.6372994633166604
3.1436587875E9	0.6281754170337848	3.406033682232584
3.1438552095E9	0.4019491207770408	2.585365606166172
3.1440183465E9	0.28954272127024056	1.7878978609532115
3.1442055865E9	0.4942958438640831	1.9248023369477152
3.1444308725E9	0.8211011142738625	3.194327856888786
3.1447233165E9	9.828203011361402E-4	0.03395844254378781
3.144946377E9	0.2576715858514875	2.2075618261481766
3.1451891185E9	0.5353534181064752	2.8098753324024766
3.145452005E9	0.1298580867376509	0.7201074250910057
3.145651126E9	0.3026926177588391	1.5118770447853518
3.145842373E9	0.012695035032251435	0.2666085251282365
3.146075901E9	0.10587892068943797	0.904528702605998
3.1463176985E9	0.3338517679904154	2.5092328875560774
3.146431306E9	0.0	0.0
3.1465845315E9	0.055070177722306025	0.48001157490938096
3.146769566E9	2.109979334098737	4.941530926642745
3.146878665E9	0.07134820669026645	0.7948108830409961
3.1474567455E9	0.17201419894959868	1.2381388905004929
3.14807643E9	0.912798458430071	3.227612247663951
3.1484432145E9	0.23907193210088756	1.7399401688950213
3.148819422E9	0.0	0.0
3.148977379E9	2.328496130556645	6.070658464332652
3.1491170515E9	0.0	0.0
3.1493622605E9	0.0	0.0
3.14955241E9	0.3895561842044242	2.4326955622050637
3.149628021E9	0.5233494736112234	2.482504391544391
3.149748357E9	0.0	0.0
3.1499742105E9	0.45160097859984943	2.6434716287214126
3.1502921685E9	0.0	0.0
3.1504971245E9	0.0	0.0
3.1507112895E9	0.012613309564252198	0.3600666668471645
3.1509737455E9	0.0	0.0
3.151061473E9	0.0	0.0
3.151082855E9	0.0	0.0
3.1511749635E9	0.0	0.0
3.1513110845E9	0.0	0.0
3.1514522965E9	0.0018874572176364002	0.05839525699800538
3.1515644655E9	0.0	0.0
3.1517003225E9	0.0	0.0
3.152003074E9	0.0	0.0
3.152563988E9	0.0	0.0
3.1532707765E9	0.0	0.0
3.1537483565E9	0.0	0.0
3.1539663695E9	0.0	0.0
3.156380446E9	0.0	0.0
3.158879927E9	0.0	0.0
3.159249488E9	0.0	0.0
3.16219797E9	5.017772185507038E-5	0.01885755374238141
3.1659520495E9	0.0	0.0
3.1671347315E9	0.0	0.0
3.167415562E9	0.0	0.0
3.1677021975E9	0.0	0.0
3.1684641165E9	0.0	0.0
3.169090285E9	0.07050724711803034	0.6398743266236889
3.169183024E9	0.0	0.0
3.1692563895E9	0.0	0.0
3.169526105E9	0.0	0.0
3.17072987E9	0.0	0.0
3.171828911E9	0.0	0.0
3.172098126E9	0.0022433009425602795	0.07337521558499621
3.172271162E9	0.0	0.0
3.1723950345E9	0.0	0.0
3.172647101E9	0.0	0.0
3.172955559E9	0.008527272017849098	0.20059538435366206
3.1731654725E9	0.0	0.0
3.173311788E9	0.0	0.0
3.1735272955E9	0.0	0.0
3.173934712E9	0.0	0.0
3.174390402E9	0.0	0.0
3.174700269E9	0.0	0.0
3.174882093E9	0.0	0.0
3.175026774E9	0.0	0.0
3.175158132E9	0.0	0.0
3.175275571E9	0.0	0.0
3.1754417695E9	0.0	0.0
3.17556393E9	0.0	0.0
3.175664622E9	0.0	0.0
3.1758185595E9	0.014707143995195666	0.27643420375990163
3.176002703E9	0.0	0.0
3.176220675E9	0.0	0.0
3.17653979E9	0.0	0.0
3.1767900185E9	0.0	0.0
3.1769496365E9	0.0	0.0
3.177107325E9	0.0	0.0
3.1773188075E9	0.0	0.0
3.177732267E9	0.0	0.0
3.178181544E9	0.0	0.0
3.1784531475E9	0.0	0.0
3.178707515E9	0.0	0.0
3.1789749365E9	0.0	0.0
3.1791420025E9	0.0	0.0
3.179311171E9	0.0	0.0
3.1795419975E9	0.0	0.0
3.1798092875E9	0.0	0.0
3.180009459E9	0.0	0.0
3.1801782E9	0.0	0.0
3.180350655E9	0.0	0.0
3.180483934E9	0.0	0.0
3.180614404E9	0.0	0.0
3.1808065105E9	0.0	0.0
3.180968346E9	0.0	0.0
3.181104254E9	0.0	0.0
3.181262731E9	0.0	0.0
3.181414059E9	0.0	0.0
3.181629404E9	0.0	0.0
3.181944132E9	0.0	0.0
3.18238174E9	0.0	0.0
3.1828098585E9	0.0	0.0
3.1832143505E9	0.0	0.0
3.1837247395E9	0.0	0.0
3.184093866E9	0.0	0.0
3.1843949035E9	0.0	0.0
3.184831739E9	0.0013049991003743742	0.04053605339353943
3.1851406715E9	0.0	0.0
3.1852969175E9	0.0	0.0
3.185462257E9	0.0	0.0
3.185626145E9	0.0	0.0
3.1857752395E9	0.0	0.0
3.185853968E9	0.0	0.0
3.1859106355E9	0.0	0.0
3.1860551575E9	0.0	0.0
3.186157877E9	0.0	0.0
3.186331841E9	0.0	0.0
3.1865114995E9	0.0	0.0
3.1865603165E9	0.0	0.0
3.1866288175E9	0.0	0.0
3.186733197E9	0.0	0.0
3.1870050445E9	0.0	0.0
3.187353668E9	0.0	0.0
3.1875080665E9	0.0	0.0
3.1878252635E9	0.0	0.0
3.1881593065E9	0.0	0.0
3.188616363E9	0.0	0.0
3.1891540955E9	0.0	0.0
3.1893095315E9	0.43646070192782993	3.3913909207959123
3.1895373285E9	0.7762354560946158	3.310225481261571
3.189842686E9	0.3449824599740119	1.6985163291938128
3.1900255855E9	0.0	0.0
3.190172992E9	0.04857381871171439	0.8635422774029302
3.190356854E9	0.7821737676702898	3.3666709729995334
3.1905032075E9	1.882785576957957	4.749762534324978
3.1907416315E9	0.047798570571225926	0.5274917874175916
3.1909500505E9	0.0	0.0
3.1913364635E9	0.13336599461919155	1.3171191344773618
3.1917922925E9	0.0	0.0
3.192099638E9	0.24072546822023444	2.1338743525107597
3.1923953555E9	0.3290579736362869	1.6850750820806522
3.1925463925E9	0.0	0.0
3.192649956E9	0.08015574082694993	0.5626618638617894
3.192797212E9	0.13419787590832868	1.0420472604507227
3.1929693325E9	0.1317238177356238	0.9593533367325482
3.1931013355E9	0.016716646907036753	0.285124125232983
3.193239551E9	0.0	0.0
3.193375081E9	0.0	0.0
3.193499288E9	0.0	0.0
3.193609535E9	0.29900362401111724	2.703909960546361
3.19371265E9	0.2806378795601835	1.2181936616981155
3.193822626E9	0.33677647571898145	1.548264076769902
3.1939716195E9	0.6475431484905205	3.5989493163385755
3.1941394915E9	0.0	0.0
3.194306856E9	0.02858776443682104	0.28886263226633596
3.194448025E9	0.0	0.0
3.1946146725E9	0.0	0.0
3.194817062E9	0.049814303346967695	0.5670012733285008
3.194994222E9	0.2296529205466199	1.6920978979534678
3.1952051725E9	0.0	0.0
3.1953858155E9	0.03715696162216678	0.5002785995944322
3.1955449885E9	0.8641043874688279	3.600429185676663
3.195728859E9	0.06556710932161129	0.6961538678050724
3.1959022755E9	0.001626862757857747	0.04033438679164154
3.1961046005E9	0.0	0.0
3.196402817E9	0.0	0.0
3.196646882E9	0.0	0.0
3.1969960915E9	0.160635729339308	1.1966352132924236
3.197368812E9	0.0	0.0
3.1975305625E9	0.1893992804006418	0.9474960796366005
3.1976727865E9	0.0	0.0
3.1978357145E9	0.0	0.0
3.1980607345E9	0.0	0.0
3.1982458505E9	0.045189319464704766	0.45215704661020634
3.19839844E9	0.2993694252218741	1.7604607279372781
3.1985858165E9	0.2257421695365592	1.1371666655065285
3.1987250355E9	0.0	0.0
3.1988798255E9	0.0	0.0
3.1990755305E9	0.21851262168961705	1.86223361814305
3.199551419E9	0.15010308440218034	1.035040701845505
3.200357883E9	0.08633186752233535	0.775297268602075
3.200821358E9	0.0	0.0
3.2009583325E9	0.0	0.0
3.201131416E9	0.0	0.0
3.2012840915E9	0.022745882995177873	0.22308740886354206
3.2036862245E9	0.1274709601585832	0.8423531213448195
3.2061103155E9	0.0	0.0
3.2062742935E9	0.0	0.0
3.2064127355E9	0.0	0.0
3.2069103435E9	0.08459011120301443	0.8609625706796938
3.207383086E9	0.0	0.0
3.2075135E9	0.0	0.0
3.2077051795E9	0.14275878827150493	0.9660054930837975
3.2079398385E9	0.3363614956104525	2.4016250480495502
3.2081340195E9	0.0	0.0
3.2082129955E9	0.12327177801411583	0.8723518649454521
3.2083384745E9	0.2025278406000401	1.2843990031489547
3.2085223505E9	0.1459985078967667	1.3298506353497748
3.208661025E9	0.4343824203116216	1.8964735518614266
3.2092764015E9	0.7937169948811141	3.201749046327228
3.209967914E9	0.036440662356560016	0.4396076287887161
3.2101668585E9	0.0	0.0
3.2103350695E9	0.004285959197668438	0.10871854962145279
3.2105128665E9	0.0010301773278573686	0.03209637561871073
3.2107270375E9	0.0021221209891913303	0.06271361548048876
3.2110146235E9	0.04872861070456442	0.7375376300464865
3.2116535945E9	0.1262762479376077	1.248676070004369
3.2122964625E9	0.32381840588881855	3.163619787134017
3.2127588235E9	0.08425408171762008	0.6745465399766857
3.2131419755E9	0.0	0.0
3.213400089E9	0.0	0.0
3.213654064E9	0.2227505897330288	1.493634225107473
3.2137391515E9	0.0	0.0
3.213836963E9	0.17922041979331124	1.3678537736017276
3.214069375E9	2.900925644370768	7.520419157241213
3.2142884175E9	0.29025135355857357	2.2186723239855777
3.2144360335E9	0.0	0.0
3.214553303E9	0.10482033794076952	0.6389805790060332
3.2146747215E9	0.09269876113634506	0.779699041689816
3.2147903805E9	0.0	0.0
3.2150399375E9	0.05807571250928072	0.8546564191533695
3.2153491055E9	0.26144465395472344	2.0787343475992053
3.2155294805E9	0.0	0.0
3.2157751295E9	0.26416549925436245	2.0809507834085377
3.216024188E9	0.39174786926160954	1.9654126349947996
3.216223412E9	2.1143942169959025	5.733642435248166
3.2163840345E9	0.3365703074375405	1.6571804458247026
3.2164725805E9	0.033767808426796	0.33203242153164214
3.216654018E9	0.3122349652233955	1.77180368567673
3.216904495E9	0.34649292606550064	2.058933055704061
3.217083728E9	0.0	0.0
3.2172614305E9	0.6769569846466134	3.2213357091866577
3.217457634E9	0.25698896081166506	1.9381801447109677
3.217587192E9	0.0	0.0
3.21771413E9	0.0	0.0
3.217890871E9	0.3833174947553388	2.813449784907076
3.218178663E9	0.35550161534862873	1.8299760738760624
3.2184028435E9	0.34307807433275134	1.8217458096456094
3.2184832905E9	0.0	0.0
3.218662762E9	0.01322756877285955	0.1690560469363351
3.2188664205E9	0.04078544491600563	0.42905725716077836
3.219020337E9	0.0	0.0
3.2191661015E9	0.10721247563352826	0.7236526032961784
3.2193022875E9	1.1117089825771143	3.0773486661357667
3.219454196E9	0.0	0.0
3.219584386E9	0.569832108439279	2.618531480936666
3.2196504835E9	0.0	0.0
3.2197743925E9	0.0	0.0
3.2199603875E9	0.0	0.0
3.2201024565E9	0.0	0.0
3.2202389395E9	0.0	0.0
3.220476963E9	0.0	0.0
3.220649063E9	0.0	0.0
3.2208287895E9	0.0	0.0
3.221745428E9	0.0	0.0
3.222591335E9	0.0	0.0
3.223357383E9	0.0	0.0
3.224272579E9	0.0	0.0
3.224599475E9	0.0	0.0
3.224731002E9	0.0	0.0
3.2249388235E9	0.0	0.0
3.225250778E9	0.0	0.0
3.2255215E9	0.0	0.0
3.225838345E9	0.0	0.0
3.2262481715E9	0.0	0.0
3.226530708E9	0.0	0.0
3.2266297955E9	0.0	0.0
3.226778215E9	0.0	0.0
3.2282244935E9	2.819866902282212E-4	0.01747276709493245
3.2296505745E9	0.0	0.0
3.2297916415E9	0.0	0.0
3.230024323E9	0.0015970571560138518	0.05326760942497116
3.230407847E9	0.0	0.0
3.2307018695E9	0.0	0.0
3.231867183E9	0.0	0.0
3.23330572E9	0.0	0.0
3.233816353E9	0.0	0.0
3.233990591E9	0.0	0.0
3.234092339E9	0.0	0.0
3.2350699105E9	0.0	0.0
3.236092904E9	0.0	0.0
3.236322815E9	0.0	0.0
3.23649511E9	0.0	0.0
3.236594601E9	0.0	0.0
3.236729171E9	0.0	0.0
3.2368745E9	0.0	0.0
3.237075284E9	0.026912235061121826	0.5254576391879032
3.237302594E9	0.0	0.0
3.2374841275E9	0.0	0.0
3.2376355425E9	0.0	0.0
3.2377717935E9	0.0	0.0
3.237935542E9	0.0	0.0
3.238099315E9	0.0	0.0
3.2382141815E9	0.0	0.0
3.238271533E9	0.0	0.0
3.238490846E9	0.0	0.0
3.2387687855E9	0.0	0.0
3.2389479085E9	0.0	0.0
3.2391198525E9	0.0	0.0
3.2392193625E9	0.0	0.0
3.2393578215E9	0.0	0.0
3.2399685605E9	0.0	0.0
3.2405266115E9	0.0	0.0
3.2406501915E9	0.0	0.0
3.240738909E9	0.0	0.0
3.240859956E9	0.0	0.0
3.240983631E9	0.0	0.0
3.2410985115E9	0.0	0.0
3.241181883E9	0.0	0.0
3.2412542825E9	0.0	0.0
3.241426831E9	0.0	0.0
3.241564756E9	0.0	0.0
3.241660427E9	0.0	0.0
3.2417601175E9	0.0	0.0
3.2419314205E9	0.0	0.0
3.2421545085E9	0.0	0.0
3.242399707E9	0.0	0.0
3.2426836075E9	0.0	0.0
3.242866106E9	0.0	0.0
3.2429652335E9	0.0	0.0
3.243095101E9	0.0	0.0
3.243318941E9	0.0	0.0
3.2435334785E9	0.0	0.0
3.2436866875E9	0.39924913076714424	2.043731020850533
3.2438748725E9	0.16460276991753753	1.7809779453815238
3.2440625605E9	0.0	0.0
3.2442246175E9	0.37097289067871525	1.4155976156275467
3.244495339E9	0.04081395440988834	0.6768144951707865
3.2452568215E9	0.08247860484543235	0.6825575746968007
3.245894509E9	0.066434020327283	0.5743112890963614
3.247694351E9	0.37628472923928574	1.6971402971461387
3.2500919835E9	0.47897157865059276	1.8690720337530033
3.250850687E9	0.03772220737783506	0.561016424548642
3.251014601E9	0.0021904365540052133	0.046802099888842735
3.251242424E9	0.12646264202807142	1.3631647925926895
3.251455123E9	1.7915303951795034	4.642955656841954
3.251615791E9	0.2890017472335469	1.8721201918715171
3.252009278E9	0.37697453826249366	2.128937816141089
3.2523936445E9	0.0	0.0
3.2550725435E9	5.8898588642569656E-5	0.010304001933352248
3.257664623E9	0.0	0.0
3.2577334835E9	0.0	0.0
3.257869521E9	0.0	0.0
3.2581109705E9	0.0	0.0
3.2583179055E9	0.0	0.0
3.2590735355E9	0.0	0.0
3.259872161E9	0.0	0.0
3.2600380465E9	0.0	0.0
3.2604816615E9	0.0	0.0
3.260883428E9	0.0	0.0
3.261057439E9	0.0	0.0
3.2612777135E9	0.46998318722228893	1.6832270412772872
3.261638883E9	0.0	0.0
3.2639200295E9	0.3427023726979249	1.5057790090569223
3.266222435E9	0.48655980023967227	1.817962823325342
3.2666362345E9	0.08910424717160527	0.8900728375008046
3.2668601815E9	1.0170118749199495	2.868496471503172
3.2675016395E9	0.0	0.0
3.268121843E9	0.0	0.0
3.2682916235E9	0.36750724956869657	1.3856177755082661
3.270712174E9	0.2547030630597504	1.2750967937040476
3.273596916E9	0.0	0.0
3.274156697E9	0.0	0.0
3.2742553725E9	0.7009786004834051	2.891748929782778
3.276754094E9	0.3295966517344396	1.461679281799618
3.2797011955E9	0.0	0.0
3.2803164755E9	0.383169884875434	1.49133453621569
3.2814081995E9	0.1688682786619772	0.943515844439614
3.2837113935E9	0.541533216600763	2.090003033901676
3.28550629E9	0.0	0.0
3.286090435E9	0.3674844662363306	1.4644478187828396
3.288419179E9	0.2631147174201632	1.3130198718977633
3.2908838135E9	0.7252073673717615	3.312030914094131
3.2915960575E9	0.0	0.0
3.2921279835E9	0.031269543464665414	0.25111799216120545
3.292564599E9	0.0	0.0
3.2934962385E9	0.0	0.0
3.294154042E9	0.0	0.0
3.294363645E9	0.0	0.0
3.294527371E9	0.0	0.0
3.294691411E9	0.0	0.0
3.294879044E9	0.0	0.0
3.2950859195E9	0.0	0.0
3.2952684415E9	0.0	0.0
3.2954315565E9	0.0	0.0
3.295609155E9	0.0	0.0
3.2957867445E9	0.0	0.0
3.2959746815E9	0.0	0.0
3.296162611E9	0.0	0.0
3.2963402015E9	0.0	0.0
3.2965279255E9	0.0	0.0
3.296684947E9	0.0	0.0
3.296831853E9	0.0	0.0
3.297016206E9	0.0	0.0
3.2972563205E9	0.0	0.0
3.2974914E9	0.0	0.0
3.2976800435E9	0.0	0.0
3.297867821E9	0.0	0.0
3.298061309E9	0.0	0.0
3.2982467695E9	0.0	0.0
3.2984397095E9	0.0	0.0
3.298632844E9	0.0	0.0
3.298806803E9	0.0	0.0
3.298903778E9	0.0	0.0
