# Position (bp)	A	C	G	T	N
0.0	26.765283672027056	26.72089943576398	21.078244073342283	25.370347289053985	0.06522552981269852
1.0	26.3686969472009	24.025621990505833	24.386818046635383	25.186807149457067	0.03205586620081229
2.0	24.9872780582935	25.183157374844917	23.810663007226427	26.015678516419587	0.003223043215562124
3.0	24.663687712141595	25.177331597664608	24.183171894510245	25.97530960561943	4.991900641209637E-4
4.0	25.133221768938313	24.06964775560956	24.759062187699456	26.037796105710058	2.721820426082842E-4
5.0	24.997154642784107	25.07092988087589	24.97600150905957	24.955755262097075	1.5870518335663275E-4
6.0	25.018270794022413	24.405020433366914	25.108672688019162	25.466131932360884	0.0019041522306236641
7.0	25.00487287021575	24.917229199870178	24.349188519789745	25.728460100485385	2.4930963894524797E-4
8.0	24.630357689126566	25.10234418372781	24.250144457914594	26.016360566954827	7.931022762035327E-4
9.0	24.903137787431902	25.092738970213425	24.552934049418194	25.4509173308032	2.7186213327497357E-4
10.0	24.96360165579624	25.043623653351865	24.47436442194356	25.518364969164466	4.529974387524813E-5
11.0	24.915322945919012	25.15107799619531	24.57382915119123	25.359724612736663	4.529395778603135E-5
12.0	25.06514041731079	24.921488446364535	24.546621110454193	25.46652358833747	2.2643753301742278E-4
13.0	25.09162091186891	24.869991924092353	24.611866263693894	25.42652090034484	0.0
14.0	24.932902435976608	25.09030100637291	24.58419431309661	25.39224004447817	3.622000756998158E-4
15.0	24.960237927370134	25.003830784569576	24.60705882885503	25.428781923676286	9.053552897080342E-5
16.0	24.87865055433296	24.970511315236077	24.698391633270298	25.452310708896213	1.357882644539818E-4
17.0	24.740752138995685	25.242592999074475	24.67026315134427	25.34639171058557	0.0
18.0	24.78925419845549	25.12778695017559	24.70126102431838	25.380838032600238	8.597944502983373E-4
19.0	24.78503698605871	25.06065930814114	24.83912981804583	25.315173887754323	0.0
20.0	24.678638815250885	25.248396785177924	24.84212159798256	25.230322515992558	5.202855960742416E-4
21.0	24.714575529280733	25.197108286792698	24.867616200415874	25.220586888128537	1.1309538215721298E-4
22.0	24.696926553329867	25.162949826674623	24.88641177459084	25.253530909409193	1.8093599547479078E-4
23.0	24.574749472168296	25.35819735749449	24.91114606871672	25.155907101620496	0.0
24.0	24.662895101865264	25.27699925874234	24.903159367683248	25.156946271709145	0.0
25.0	24.666170429447188	25.20368035569898	24.95201934782491	25.178107255977007	2.261105192040186E-5
26.0	24.53742715510663	25.39597664441518	24.950095242401805	25.116229644409525	2.713136668607313E-4
27.0	24.617388031104074	25.322712099683148	24.987028665800782	25.072712947482774	1.5825592922794843E-4
28.0	24.572312164928412	25.219040600249347	25.088781608207988	25.11907439705482	7.912295594320781E-4
29.0	24.476607137528855	25.36746455784447	25.092566890032796	25.063022341736612	3.390728572629858E-4
30.0	24.55438020541491	25.36835017322093	25.08729986693396	24.98954029039454	4.294640356645018E-4
31.0	24.55315773057468	25.304449436983262	25.13131783436323	25.010532549193332	5.424488854935607E-4
32.0	24.446528741451242	25.46804019328214	25.120032906780693	24.96474273496933	6.554235165957755E-4
33.0	24.543756091971737	25.367303663081557	25.164767142890398	24.92378891093342	3.841911228799148E-4
34.0	24.4983938343124	25.349757691008296	25.194146619255687	24.957001311824385	7.005435992348256E-4
35.0	24.354130224484223	25.518863991391495	25.203027349686096	24.92361688430102	3.6155013717438175E-4
36.0	24.43948245248938	25.42209695226139	25.2009764910944	24.937308530604145	1.355735506848498E-4
37.0	24.424103803096404	25.392642889792015	25.25540343631866	24.92563560236348	0.0022142684294352193
38.0	24.330485038544612	25.532507614029697	25.257521396101257	24.879101860805598	3.8409051883851026E-4
39.0	24.38053844101393	25.491869704712123	25.22448597822568	24.90281217191271	2.937041355575623E-4
40.0	24.411315395782662	25.434224788846183	25.28780763754876	24.865748507701753	9.036701206444794E-4
41.0	24.30312545887881	25.602783205882684	25.298234516722957	24.79585681851555	0.0
42.0	24.357744933197523	25.54282449685511	25.26652430350597	24.832725545196464	1.8072124493443998E-4
43.0	24.358582521530426	25.45944938585345	25.311805732034447	24.870094592686716	6.776789495976281E-5
44.0	24.254997815693304	25.612159292203312	25.33283006184276	24.799922476312585	9.035394803834803E-5
45.0	24.31996487139275	25.56489361918394	25.313061801908717	24.802034531836544	4.517567804739877E-5
46.0	24.333268281929172	25.55404371273661	25.314121485304252	24.798476170857516	9.034917244675498E-5
47.0	24.160580858598667	25.665557733167972	25.378502892344613	24.795132648518525	2.258673702284671E-4
48.0	24.260423322512324	25.601202846121478	25.34473751433936	24.79343304199504	2.032750317956029E-4
49.0	24.28656608546391	25.52732857530039	25.415123317372846	24.770891679465173	9.034239768723462E-5
50.0	24.15044234996102	25.699706123879672	25.40131300200826	24.74844818412021	9.034003084208653E-5
51.0	24.19607492415034	25.658526802471094	25.358244813834652	24.787063122002206	9.033754170771379E-5
52.0	24.211933176811527	25.61834846307208	25.395309404587795	24.774318619741443	9.033578715443175E-5
53.0	24.11817909790482	25.767763280469286	25.408076964335113	24.705799989837455	1.806674533228697E-4
54.0	24.19282318293614	25.69635097882419	25.37217269906251	24.738336977845446	3.1616133170766185E-4
55.0	24.175195338963913	25.677792330969694	25.387267964409922	24.75929271487286	4.5165078361410964E-4
56.0	24.07528766494695	25.825124281825605	25.38684651832488	24.711409177727866	0.0013323571746982211
57.0	24.186952305808635	25.735275852927213	25.4012001793901	24.675126424405725	0.0014452374683233305
58.0	24.14624805290586	25.705007278033527	25.431115659537067	24.71713221542618	4.967940973635137E-4
59.0	24.03944381769259	25.854605512144584	25.43405451446502	24.67058645005641	0.0013097056413989825
60.0	24.080686928647108	25.743972483834344	25.47839867188255	24.6964451361221	4.967795138967295E-4
61.0	24.114625507329894	25.705045727996662	25.47833638698472	24.70174399096053	2.483867282003388E-4
62.0	23.980613369540258	25.902566917587627	25.457981370716244	24.658635118532438	2.0322362343656113E-4
63.0	24.04966511632528	25.808261653188673	25.475974676101487	24.66481149555784	0.0012870588267171737
64.0	24.05220977752408	25.76998606152663	25.491690768657243	24.685910174633964	2.0321765807906477E-4
65.0	24.006819041382776	25.885013350192775	25.451394572991404	24.655847271536715	9.257638963370232E-4
66.0	24.072113423023524	25.840876571333865	25.487598110639876	24.59862161338927	7.902816134660373E-4
67.0	24.064695757569737	25.79751461608683	25.523380432811837	24.614386614322036	2.257920956057923E-5
68.0	23.954340600783947	25.94082476833872	25.50750979931721	24.597099040841027	2.2579071909828216E-4
69.0	24.02250934031954	25.866210633434765	25.54154887075102	24.569708576611394	2.2578883280043406E-5
70.0	24.003960315560835	25.83900436673335	25.535116754799112	24.62157988141632	3.386814903791878E-4
71.0	23.930517958799648	26.032644809382283	25.495428593233193	24.541205429828292	2.032087565814236E-4
72.0	23.9895260957996	25.885544801973936	25.500755038709283	24.623880537703165	2.93525814014819E-4
73.0	23.960410346957	25.89428384024602	25.553818242986182	24.591419833436255	6.773637454602517E-5
74.0	23.887571165528506	26.016909256965835	25.548557384563107	24.544839786540106	0.002122406402442122
75.0	23.93170498428166	25.96992979977209	25.531604553091363	24.56662518912697	1.3547372791862907E-4
76.0	23.93607833601006	25.91963144070531	25.571600848152404	24.57223779787447	4.515772577564603E-4
77.0	23.85661402361994	26.044591358773143	25.54785233755223	24.550693910544076	2.483695106104584E-4
78.0	23.891506435838842	25.99028059295473	25.576834367042977	24.540881863572004	4.967405914509589E-4
79.0	23.926560031466273	26.004020439529825	25.584522820611767	24.4845580214723	3.386869198434183E-4
80.0	23.824776579074523	26.07411388032135	25.57520445441942	24.524008435579358	0.0018966506053476515
81.0	23.87293113208037	26.039991320469536	25.57995814226437	24.50639686362773	7.225415579937821E-4
82.0	23.86989222037144	26.03704559223024	25.54679538895659	24.5449120171136	0.0013547813281327794
83.0	23.717004270085447	26.192213230152213	25.536312209608337	24.554312230833446	1.5805932056620463E-4
84.0	23.79275859507288	26.110293584689405	25.540009632686644	24.55614788273954	7.903048115337535E-4
85.0	23.802972261079365	26.031930976162975	25.593486902790154	24.570909866854535	6.999931129709853E-4
86.0	23.696679146934095	26.18799071758941	25.5924062529143	24.522607754927016	3.1612763517787035E-4
87.0	23.775446240667378	26.162411551224867	25.59737358847768	24.46454281218782	2.258074422520047E-4
88.0	23.756893102685975	26.119961946663455	25.636956446633086	24.484630421759316	0.0015580822581624883
89.0	23.70592702370272	26.251428537879484	25.601476263069106	24.441077850882888	9.032446580417339E-5
90.0	23.756941010163963	26.198821693662932	25.612739618687602	24.4295104993011	0.0019871781843965866
91.0	23.742392980077508	26.18844972722106	25.59038875092558	24.478226574420813	5.419673550480081E-4
92.0	23.645149773375845	26.29388944679588	25.620757783480048	24.439525528893196	6.774674550280167E-4
93.0	23.702491768627294	26.171406763049383	25.651260788856824	24.47472776626063	1.1291320587690654E-4
94.0	23.678503558519953	26.239057113595997	25.64433318541453	24.438015810374868	9.033209465448538E-5
95.0	23.66915379909309	26.28672912840157	25.588082721938687	24.455989183356515	4.5167210141122686E-5
96.0	23.681036268072663	26.258178558676605	25.62444541857305	24.435346053164388	9.93701513294484E-4
97.0	23.701061635954197	26.256264695539915	25.623781982384436	24.41882393221538	6.775390606914647E-5
98.0	23.62282029924529	26.33661662381495	25.663712217165134	24.376263643738742	5.872160358761896E-4
99.0	23.689943140432405	26.262773640198077	25.6791810415408	24.36803442064787	6.775718084956211E-5
100.0	23.688330754723374	26.254661260996738	25.667754576562128	24.3889371986132	3.1620910456357494E-4
101.0	23.601431020825423	26.37579000792577	25.67401248021098	24.348721317074016	4.5173963805264984E-5
102.0	23.61868079569046	26.3341900827137	25.655069943772574	24.390749094404836	0.0013100834184322865
103.0	23.59878067925517	26.308302020191753	25.715560344292086	24.37731177950127	4.51767597194975E-5
104.0	23.553189941779276	26.40820556654633	25.677543841736494	24.360473337601135	5.87312336766701E-4
105.0	23.616657777693444	26.36562074964201	25.664306740281372	24.35278222602931	6.325063538651672E-4
106.0	23.589887240677843	26.334017441945832	25.71097785363088	24.36392017954745	0.0011972841979946617
107.0	23.55049054203155	26.431278481664656	25.67671486391604	24.340702834634428	8.132777533292428E-4
108.0	23.558680270018705	26.400586486413214	25.71408561436485	24.32601505525985	6.325739433755953E-4
109.0	23.54680277066926	26.38504657356848	25.752520828706555	24.315245752416903	3.8407463880604293E-4
110.0	23.48093947255097	26.416282841300315	25.76238268906553	24.339333104084947	0.001061892998239065
111.0	23.499903408712193	26.404465567747774	25.789376765897742	24.305847557483112	4.0670015917792347E-4
112.0	23.517896011230892	26.424835577861877	25.77415164458291	24.280721638466296	0.0023951278580258586
113.0	23.464062079489352	26.522617159986737	25.755232889601743	24.257839307112565	2.485638096064489E-4
114.0	23.49017797359536	26.442988994639123	25.756422241942577	24.3086255626008	0.001785227222138987
115.0	23.466330214004955	26.37743218008805	25.807058138649317	24.348840483517368	3.389837403059125E-4
116.0	23.39989974583898	26.50814033955334	25.814384257294304	24.27698805402515	5.87603288228001E-4
117.0	23.48441083751235	26.490727506303557	25.822807812165216	24.200652550670316	0.0014012933485577075
118.0	23.504471616474607	26.42147044949425	25.85450288738922	24.218854361168102	7.006854738182091E-4
119.0	23.41113703286869	26.50919519158806	25.847689318053334	24.231481169630086	4.972878598244981E-4
120.0	23.46204639710573	26.480896492886625	25.885413770294946	24.171439887260217	2.0345245248367972E-4
121.0	23.4041923071706	26.46983953302256	25.879787671759345	24.246090058643468	9.042940402501277E-5
122.0	23.361410085247666	26.521033824365613	25.900345806404935	24.216238092062053	9.721919197286002E-4
123.0	23.445681553122338	26.455396481498315	25.953958212648537	24.14496375273081	0.0
124.0	23.42950719732413	26.464779489944007	25.94175298224604	24.163575918439523	3.8441204629768237E-4
125.0	23.343886818395628	26.560408148496577	25.992170821724496	24.103488982161593	4.5229221695553066E-5
126.0	23.39357933823027	26.488249111508257	26.000047947117043	24.11801052032121	1.130828232167178E-4
127.0	23.36045754694149	26.435862046502915	26.021398996006006	24.18228141054958	0.0
128.0	23.337146378169145	26.545736518978853	26.00449829204696	24.11248308842607	1.3572237896900306E-4
129.0	23.373665467546154	26.47021962862705	26.086549324482373	24.069384602785863	1.8097655855881127E-4
130.0	23.363357710605786	26.439468737754424	26.108787311389865	24.08716451084217	0.0012217294077508324
131.0	23.300398601816337	26.573567558663434	26.129055031307075	23.996594144789125	3.846634240294263E-4
132.0	23.389495894733557	26.498826193867426	26.147702693711956	23.962096946836787	0.001878270850277373
133.0	23.365049461725075	26.48583773512397	26.200874647247563	23.947966568495364	2.715874080308849E-4
134.0	23.33357854149431	26.59827999678589	26.181079059260774	23.885794864888418	0.0012675375706058037
135.0	23.437195448959027	26.500357792646877	26.225057800321146	23.837094664848692	2.9429322426071844E-4
136.0	23.44740237701765	26.430821486848473	26.259562828539156	23.861601992976222	6.1131461850232E-4
137.0	23.398818731192396	26.546755405619304	26.27316552459535	23.78098860555436	2.7173303859356413E-4
138.0	23.463222306747905	26.511197287548445	26.257567395140153	23.767378879213606	6.341313498912578E-4
139.0	23.52507750470963	26.397219592864424	26.395815255318762	23.681366683178958	5.209639282311032E-4
140.0	23.496709044757537	26.55625979289139	26.34993506899542	23.59675625906791	3.3983428773905075E-4
141.0	23.580085243038283	26.468940040955996	26.394546693438905	23.55629206152962	1.359610371923683E-4
142.0	23.577387422589005	26.459759881998945	26.399268023582078	23.56290473336893	6.799384610363531E-4
143.0	23.544201185081814	26.506611028256486	26.47238107414503	23.476738705985323	6.80065313472706E-5
144.0	23.58177044601237	26.456047194964903	26.526853245787457	23.43501169898246	3.174142528068489E-4
145.0	23.664413366651598	26.3429469244757	26.584055999000178	23.408447618202988	1.3609166953404254E-4
146.0	23.598673405529382	26.445392112771422	26.635404806000533	23.320143932232586	3.857434660729545E-4
147.0	23.747007036938765	26.289729038250233	26.73010798839971	23.233087843593523	6.809281777385967E-5
148.0	23.469928446142998	26.315260146104446	26.872743651575988	23.341795325729194	2.7243044737165913E-4
149.0	23.528825489627163	26.346852142199722	26.66717067626737	23.45681114487824	3.4054702750121573E-4
