#Position (bp)	Coverage	Std
4123641.0	0.8074384757837159	4.832870427506872
1.2370922E7	0.6820508480310056	4.042353367184594
2.0618203E7	0.5667096828639645	3.4657963697764225
2.8865484E7	0.7086477349322765	4.331862446719412
3.7112765E7	0.6963747203472271	4.269414219333716
4.5360046E7	0.7902719696345983	4.766425284556254
5.3607327E7	0.30669441237663664	2.5093075834060192
6.1854608E7	0.1652120256360854	1.8082566378809442
7.0101889E7	0.10975690048635423	1.3673196669969385
7.834917E7	0.14333329978692372	1.7085428164251215
8.6596451E7	0.2081606046889878	1.9971231653206767
9.4843732E7	0.20223780419267878	1.9825638494377895
1.03091013E8	0.1403279456586965	1.6046662751140899
1.11338294E8	0.5541733087547278	3.629012546242385
1.19585575E8	0.1958269640624589	1.9242320012726006
1.27832856E8	0.0	0.0
1.36080137E8	0.0	0.0
1.44327418E8	0.2610746499361426	2.3818273138579693
1.52574699E8	1.4854608446104844	6.389297491329895
1.6082198E8	0.6993327861631004	4.0588655059835865
1.69069261E8	0.2585121084148824	2.2670666014695002
1.77316542E8	0.2655562481743983	2.3557933696487128
1.85563823E8	0.2545107896772282	2.140157676643735
1.93811104E8	0.12775228587458096	1.673933592105582
2.02058385E8	0.5581197002988015	3.6261645037586514
2.10305666E8	0.300157833836388	2.473509505768016
2.18552947E8	0.19075450442394287	2.003065328638952
2.26800228E8	0.5071667862414292	3.5538621722034867
2.35047509E8	0.2919651943470824	2.5790377405343388
2.4329479E8	0.18770452952918665	2.0837776374538435
2.481874265E8	0.9000892072260454	5.020560434798555
2.4904395E8	0.0	0.0
2.491474935E8	0.0	0.0
2.492273505E8	0.0	0.0
2.493246215E8	0.0	0.0
2.493781395E8	0.0	0.0
2.494193325E8	0.07818052594171997	0.45825498458080444
2.49528459E8	0.0	0.0
2.49636853E8	0.20613572217449994	0.9629917182686052
2.49678084E8	0.0	0.0
2.52682327E8	0.08813882354084765	1.3249067870439297
2.59789352E8	0.13460048226803475	1.5240922921644544
2.68036633E8	0.17412805505232573	1.961300347086425
2.76283914E8	0.6599555659616788	4.1472294581587645
2.84531195E8	0.22614046981059577	2.005608895312264
2.92778476E8	0.2054985152076181	2.026137813747165
3.01025757E8	0.21044450892360766	2.2018995021432524
3.09273038E8	0.16619101495389815	1.9043748308045767
3.17520319E8	0.23600250797808392	2.254191066760184
3.257676E8	0.3912644664344528	3.3424276458806017
3.34014881E8	0.22978130610561226	2.1241797135401868
3.42262162E8	0.22593664505914132	2.201497751452026
3.50509443E8	0.30166402721090746	2.5291332357412
3.58756724E8	0.34833650023565343	2.8734718383772484
3.67004005E8	0.13891281259847943	1.8068519671534145
3.75251286E8	0.1208769290145443	1.513933665525532
3.83498567E8	0.27961882225184276	2.7846708785797087
3.91745848E8	0.0538972783878711	0.8981760961506092
3.99993129E8	0.17380079568041878	1.7605692544810414
4.0824041E8	0.18149096653794142	1.7587591528942836
4.16487691E8	0.31410776472876334	2.647648615050613
4.24734972E8	0.8445825963732775	5.1979302552742155
4.32982253E8	0.1902391830713662	2.2536219814206304
4.41229534E8	0.12733517870920125	1.5137588974210983
4.49476815E8	0.35793493637478824	2.759051066875579
4.57724096E8	0.19116397270809615	1.9416754374548741
4.65971377E8	0.6486468691924041	4.156655375957985
4.74218658E8	0.167238026690251	1.9020804271035896
4.82465939E8	0.37762348584945754	3.087245001343386
4.892410255E8	0.5292453627190598	3.4362006163904937
4.91973207E8	0.0	0.0
4.92130842E8	0.0	0.0
4.93522301E8	0.042652310526834276	0.7041805802699616
4.98960501E8	0.285023755101833	2.5294134420810974
5.07207782E8	0.2316020273833279	2.0852927539351596
5.15455063E8	0.08823659579442	1.23925376881156
5.23702344E8	0.11394773622967376	1.4399775226523317
5.31949625E8	0.481703606315827	3.657483976675252
5.40196906E8	1.5765169150899552	7.14345226451413
5.48444187E8	0.575878159116926	3.7525503079395053
5.56691468E8	0.09302362802965002	1.2859505775745852
5.64938749E8	0.10700702449692208	1.64232908556554
5.7318603E8	0.020534889013724644	0.44708245882092246
5.81433311E8	0.041196728958307595	0.9992398242625187
5.89680592E8	0.20555247238453497	2.2893754059125695
5.97927873E8	0.0997297169818756	1.2883168200625308
6.06175154E8	0.18947917501537778	2.0569522978055477
6.14422435E8	0.4044718495707858	3.142599959422115
6.22669716E8	0.4408551133397783	3.1209250285768655
6.30916997E8	0.24072733789475587	2.294828570915257
6.39164278E8	0.14281130956978427	1.7964507044769005
6.47411559E8	0.19348207003011053	2.099719565336114
6.5565884E8	0.08825078228812623	1.3639044656861903
6.63906121E8	0.14542902078879089	1.6732707129790523
6.72153402E8	0.14629379064445602	1.559774771925474
6.80400683E8	0.3624986222732074	3.0214845388723393
6.87513812E8	0.3156760763588821	2.7419342988838005
6.90580999E8	0.0	0.0
6.91715151E8	1.0362315994030973	5.30353750888138
6.96895245E8	0.6563701418685747	6.326405457847775
7.05142526E8	0.16765052627647828	2.140544911494091
7.13389807E8	0.08935551001596768	1.1766358505277141
7.21637088E8	0.021817129791018398	0.7917224288282703
7.29884369E8	0.257407259434958	2.535045239675805
7.3813165E8	0.11505185769710041	1.403840685082276
7.46378931E8	0.1718859827863268	1.8594205285728604
7.54626212E8	0.038401140933599816	0.682104325007272
7.62873493E8	0.24966773897967098	2.1806427853256483
7.71120774E8	0.20671273356637176	2.162962154755546
7.79368055E8	0.2026289634123052	2.0471984815260833
7.87615336E8	0.1127371554334089	1.5387328030242926
7.95862617E8	0.1478665514125201	1.6533624757473577
8.04109898E8	0.174365102874511	2.135410927316679
8.12357179E8	0.2400511150280923	2.4039492261200555
8.2060446E8	0.07000840640691157	1.2828604280471503
8.28851741E8	0.08661848674732921	1.367991331594472
8.37099022E8	0.15024297098643782	1.8392741712424912
8.45346303E8	0.22172992529295413	2.1641699589996497
8.53593584E8	0.1115956883244308	1.6839287770242914
8.61840865E8	0.10467364941245484	1.3144912197088519
8.70088146E8	0.07030232145600471	1.1447116816822895
8.775425195E8	0.25972060804633695	2.511184032661948
8.80978107E8	0.0	0.0
8.817710145E8	0.6648012580426217	3.9478512824617744
8.86582708E8	0.09749807239501115	1.4987777963979088
8.94829989E8	0.2206037359464289	3.5887728600963458
9.0307727E8	0.019693399557987656	0.49579606848260926
9.11324551E8	0.10708317080502047	1.5370827927989614
9.19571832E8	0.2544327033358024	2.1589760126508257
9.27819113E8	0.06972273649945963	1.1352585223981562
9.36066394E8	0.15175704574634963	1.772935372260373
9.44313675E8	0.14318173468322468	1.7754938644420926
9.52560956E8	0.20112083000445843	2.056471348320214
9.60808237E8	0.2739673839171965	2.5715225299719284
9.69055518E8	0.08024438599824597	1.1597166790581688
9.77302799E8	0.1294921320129628	1.4749824604479596
9.8555008E8	0.04324685917698209	0.8012844047100178
9.93797361E8	0.15660130896473637	1.8635366330788157
1.002044642E9	0.10978272718002455	1.6346909169788097
1.010291923E9	0.22995918291131343	2.1858191406136656
1.018539204E9	0.9468139863307676	5.299140810277289
1.026786485E9	0.24567030030867143	2.409673709785696
1.035033766E9	0.36669139804985423	2.98307052694207
1.043281047E9	0.09452763886667619	1.3513862942751997
1.051528328E9	0.16548593409149026	1.8665932818757363
1.0591365945E9	0.7086657219454828	4.463315368777012
1.062667565E9	0.0	0.0
1.0633065795E9	0.09327028531898021	1.2537520249546767
1.06802289E9	0.19868148059948484	2.34118017837579
1.076270171E9	0.182226602925255	2.227073384595546
1.084517452E9	0.1283512711643995	1.4975723370428884
1.092764733E9	0.5911573765947832	3.2374193149765045
1.101012014E9	0.46153029101348675	3.194838599153733
1.109259295E9	0.6070689236852728	4.033255792699292
1.117506576E9	0.28339109580478705	2.6516364705242355
1.125753857E9	0.0635828947746536	1.2635354892131634
1.134001138E9	0.1750412044890916	1.8859073379916753
1.142248419E9	0.12702113581433688	1.4931566747373426
1.1504957E9	0.21772339271573263	2.1746477361063627
1.158742981E9	0.08324707258064809	1.350744120030003
1.166990262E9	0.13651917522878146	1.8186358497160073
1.175237543E9	0.2641784607557327	2.5441214921146926
1.183484824E9	0.11968271724947895	1.385828005064204
1.191732105E9	0.1972407633497634	1.9883960388833417
1.199979386E9	0.1881364294486874	2.106463925428664
1.208226667E9	0.1954615102844198	2.1490278623665255
1.216473948E9	0.2608162617473565	2.390070167902975
1.224721229E9	0.19087236144857925	1.940861924225052
1.231182379E9	0.2005343721597709	1.9349642930752093
1.2353060195E9	0.5081841701420556	3.7837024940963557
1.241215791E9	0.3247151394502018	2.99545232817439
1.249463072E9	0.0765829368491264	1.069325194059846
1.257710353E9	0.21841246830318986	2.111262691336211
1.265957634E9	0.1566000964439068	1.7646606692495006
1.274204915E9	0.2676022558222522	2.561009277647138
1.282452196E9	0.20881876099529045	2.311430013229296
1.290699477E9	0.05164223214899553	0.9436168991862051
1.298946758E9	0.11444038344273706	1.7968505699691943
1.307194039E9	0.3673410667103498	3.0336010851780144
1.31544132E9	0.10301067709466914	1.4849253181385014
1.323688601E9	0.27557724782264603	2.6129576902886003
1.331935882E9	1.1569551225428114	9.23657300038554
1.340183163E9	0.27393828341728627	2.4174943851867847
1.348430444E9	0.1256146116520099	1.61493834096661
1.356677725E9	0.14242475792931028	1.8049011254540797
1.364925006E9	0.3603659193860376	2.9506171311062213
1.373172287E9	0.3649012322970443	2.5467603997383663
1.381419568E9	0.5793932570019137	4.12683749651529
1.389204535E9	0.19009217014653024	1.969883848146468
1.3933281755E9	0.12209126264832992	1.6959474623618644
1.39791413E9	0.12542545840259353	1.5607473850766873
1.406161411E9	0.0966906547745857	1.2701008870393555
1.414408692E9	0.346592531526451	2.6982360931748897
1.422655973E9	0.23849387452664703	2.3787435758399322
1.430903254E9	0.22450344543856332	2.256065259345332
1.439150535E9	0.11385679716745434	1.3486687312140737
1.447397816E9	0.17603692659435274	2.1858243827253694
1.455645097E9	0.12643391197656537	1.7033386397840626
1.463892378E9	0.1426869049326681	1.6070609805986562
1.472139659E9	0.0956589208006857	1.6072174931399024
1.48038694E9	0.08464474534091902	1.0923344085440736
1.488634221E9	0.20693874744900773	2.082360263237994
1.496881502E9	0.17050686159474862	1.8935524121629024
1.505128783E9	0.09440869057329318	1.2987763221424842
1.513376064E9	0.1670177116555141	1.7865383926745408
1.521623345E9	0.09344643404292881	1.341789907595143
1.529870626E9	0.0827198685239414	1.2052141496809694
1.535999382E9	1.9360947037714287	8.335139154999672
1.5401230225E9	0.19817915766866098	2.183633286038026
1.546365188E9	0.14460632540591256	1.8900183654280855
1.554612469E9	0.14445948913344894	1.577336606219937
1.56285975E9	0.11371638725538756	1.5534752720841505
1.571107031E9	0.697689577934837	4.657514225043472
1.579354312E9	0.15556375489085433	2.175118470354537
1.587601593E9	0.0	0.0
1.595848874E9	0.02401215624882916	0.7419492573335208
1.604096155E9	0.13798123284510375	2.2213346366722213
1.612343436E9	0.16683619728732416	1.8066452663362376
1.620590717E9	0.13201259906143611	1.7059778772322172
1.628837998E9	0.28361116833535804	2.752320170530005
1.637085279E9	0.25934729276230556	2.3408863495450696
1.64533256E9	0.2364913963765755	2.3787353691466047
1.653579841E9	0.2840150590236952	2.6356767937203216
1.661827122E9	0.4728159498869991	3.3047237218177887
1.670074403E9	0.7899180348044404	4.2565736965664405
1.675298629E9	2.6131363715040767	9.103960877667271
1.6764192455E9	0.0	0.0
1.6764583035E9	0.0	0.0
1.676565753E9	0.0	0.0
1.6766737005E9	0.0	0.0
1.679569275E9	0.19721618143220415	2.1342186957358242
1.686568965E9	0.1520178589767949	1.6376703431373756
1.694816246E9	0.16814681105203036	1.7018201929721573
1.703063527E9	0.22778683059301605	2.260053799992604
1.711310808E9	0.1459442208892846	1.825654302437329
1.719558089E9	0.14669307375364074	1.8299558272369802
1.72780537E9	0.2463084500212858	2.538211974144573
1.736052651E9	0.15892377136173727	2.1084345853194715
1.744299932E9	0.2543319428548633	2.38561667989309
1.752547213E9	0.3950169758978747	3.180985680351378
1.760794494E9	0.17414321156269563	2.138713886257425
1.769041775E9	0.3563408352401234	2.6739767516132162
1.777289056E9	0.7303642254944387	4.254385905971574
1.785536337E9	0.08747586022593386	1.2728545448326511
1.793783618E9	0.2292652572405378	2.083997578717378
1.802030899E9	0.27138156199600816	2.579863182468015
1.8083225935E9	0.40121048645467317	3.1198665871864084
1.812446234E9	1.3138135285756984	5.992076512811473
1.818525461E9	0.8489388199577533	4.969909849931112
1.826772742E9	0.3090240286465321	2.5279983102810566
1.835020023E9	0.0687773340086266	1.0236797140504428
1.843267304E9	0.22848487883461227	2.3414823076255913
1.851514585E9	0.0524026039612328	0.9932449659816018
1.859761866E9	0.4292614741755495	3.2927309952510937
1.868009147E9	0.6261530315263903	4.032073734669984
1.876256428E9	1.9760684763863388	7.700585912730811
1.884503709E9	0.5097112612023283	3.5912647462243
1.89275099E9	0.15103802089440144	2.0122727957865583
1.900998271E9	0.21572697716980904	2.219518471037696
1.909245552E9	0.17824723081461635	2.1281074511365463
1.917492833E9	0.20157661658430215	2.019371180290254
1.925740114E9	0.6035066587400139	3.8198285091329134
1.933987395E9	0.406064980688787	2.9675871450429026
1.9418441525E9	0.2065525939851336	2.143779917934225
1.9456274275E9	0.03883727421348539	0.32229142902332786
1.946017951E9	0.49409972514840667	2.7414380570949306
1.950481957E9	0.6605380609682149	4.038705643216956
1.958729238E9	0.2505349338769953	2.112612177435351
1.966976519E9	0.13350715223599147	1.3740008443009386
1.9752238E9	0.20608695156621923	1.9883725919945607
1.983471081E9	0.20070311657866394	2.414287710173096
1.991718362E9	0.6802438282386644	4.359715216588947
1.999965643E9	1.530240330116071	6.318923857398579
2.008212924E9	0.12830943919577859	1.4692368411958447
2.016460205E9	0.1682822496286958	1.7602581368954033
2.024707486E9	0.1504132089109126	1.5840884917711568
2.032954767E9	0.10810338583103934	1.461160520001339
2.041202048E9	0.17421426528330974	1.8095803493376725
2.049449329E9	0.2644603718486129	2.1411152266568845
2.05769661E9	0.4323742576492786	2.8751466371457184
2.065943891E9	0.5633691879784379	3.455621848270071
2.074191172E9	0.22997543069042997	2.303032321552681
2.0786338535E9	1.5939377697537307	6.575505933450894
2.082757494E9	0.0	0.0
2.090685734E9	0.0	0.0
2.098933015E9	0.1657748778051821	2.1384906989793526
2.107180296E9	0.29550017757367547	2.6323046481715684
2.115427577E9	0.1922717317380116	2.0313686635865706
2.123674858E9	0.2266532448694303	2.29443096372336
2.131922139E9	0.17553324544174012	2.1160065669379855
2.14016942E9	0.05804337211257868	1.2978029729280003
2.148416701E9	0.04672752147040946	0.9893414612765595
2.156663982E9	0.13757200706511638	1.739643839365882
2.164911263E9	0.03069266101155035	1.0303985001157634
2.173158544E9	0.06754614035825868	1.0369815652114585
2.181405825E9	0.23882004262980733	2.5812169511744556
2.189423344E9	0.26039436001919425	2.510183602665474
2.1935469845E9	0.0	0.0
2.197900387E9	0.0	0.0
2.206147668E9	0.0	0.0
2.214394949E9	0.9614860946292482	4.952720507975873
2.22264223E9	0.1282615446230097	1.727035499266429
2.230889511E9	0.161707597934398	1.9983093648449697
2.239136792E9	0.1437216702086421	1.9568947336765055
2.247384073E9	0.2488854205404181	2.208772979697324
2.255631354E9	0.3505531095642309	2.861839055759727
2.263878635E9	0.4289560401785752	3.2298415623446193
2.272125916E9	0.2658691998005161	2.5228889008339235
2.280373197E9	0.10257053203352717	1.46575323848722
2.288620478E9	0.2623748360217143	2.3072925985402555
2.2965525295E9	0.762441737512049	4.835141676941068
2.300461795E9	0.0	0.0
2.300668236E9	0.009991807664805633	0.19952684200760187
2.3008708475E9	0.0	0.0
2.300979636E9	0.0	0.0
2.3010753705E9	0.0	0.0
2.301178399E9	0.01091433818706546	0.12836063586664412
2.301217234E9	0.0	0.0
2.3013234165E9	0.0	0.0
2.301431691E9	0.006630238459955646	0.08128576485901096
2.3053461205E9	0.0	0.0
2.313362321E9	0.0	0.0
2.321609602E9	0.06102799213461988	0.9724090690764237
2.329856883E9	0.13992599500368666	1.4097432250714255
2.338104164E9	0.37165788336786393	3.0955388318075054
2.346351445E9	0.9593946174502845	4.94563813863576
2.354598726E9	0.28998708786568567	2.4273568744108687
2.362846007E9	0.3635600630074324	2.8314180627039347
2.371093288E9	0.33792979771151244	2.787260225760975
2.379340569E9	0.5712229278958726	4.082059897058148
2.38758785E9	0.4396841819746411	3.4104401913900526
2.395835131E9	0.1933814308012544	2.117976105171661
2.4017017605E9	0.30020212405241803	2.6423764061037964
2.4036688735E9	0.02007817101247524	0.261516179775308
2.406049525E9	2.7355941438261278	9.434781431771787
2.412329693E9	0.31022612179698983	2.6144845671954715
2.420576974E9	0.25952626083675334	2.132960615572558
2.428824255E9	0.5176193220529287	3.509916061324747
2.437071536E9	0.8501850488664082	5.323140837688004
2.445318817E9	0.0	0.0
2.453566098E9	0.23294610672293087	2.2750088546992697
2.461813379E9	0.3029362040653156	2.4847366027728635
2.47006066E9	0.7974440303416362	4.995355209462453
2.478307941E9	0.4479237460200519	3.350125230746741
2.486555222E9	0.21744499793325825	2.251561722047992
2.4924551025E9	1.0871168873575643	5.980521663015523
2.495167722E9	0.009291638699907463	0.27562123013252515
2.4975151225E9	0.8054430089984487	4.598403834272446
2.503049784E9	1.5591046309686794	6.427890987844069
2.511297065E9	0.49216632730229515	3.6143150747353143
2.519544346E9	0.12729771181556684	1.9512826738226825
2.527791627E9	0.7441080278457833	4.391644326575999
2.536038908E9	1.0885969569849747	4.939138929480537
2.544286189E9	0.8881234918514357	4.820590311762137
2.55253347E9	0.33337338693807084	2.8533313169935823
2.560780751E9	0.5020094501448417	3.4289358879095033
2.569028032E9	0.8606760215882059	4.955638578106651
2.5762566075E9	1.040882659379343	5.298200211233164
2.579454338E9	0.0	0.0
2.579687553E9	0.0	0.0
2.579884248E9	0.0	0.0
2.5806697385E9	0.23058631542137778	2.13261454916614
2.585522594E9	0.2044082164776488	2.1594211055791614
2.593769875E9	0.1515985692739219	1.7588953766842623
2.602017156E9	0.15294410363852037	1.7212092368009322
2.610264437E9	0.16005432578324905	1.9032209985916242
2.618511718E9	0.08334237671785404	1.2405681282201642
2.626758999E9	0.3072893963477175	4.656071490205109
2.63500628E9	0.15517308067955973	1.9300852202110015
2.643253561E9	0.12871090484245656	1.6288850334818192
2.651500842E9	0.1187450748919553	1.7457947731287802
2.6579691455E9	0.18038285246109995	2.234711808833371
2.662092786E9	1.8793784631902315	7.513566115849199
2.667995404E9	1.7684659950352122	6.995549291866498
2.676242685E9	1.6302663871886989	6.712782127164502
2.684489966E9	0.22794445830086305	2.6459523322470875
2.692737247E9	0.7016701625663052	4.508432856847553
2.700984528E9	1.4799381759879409	6.388587138251794
2.709231809E9	1.8736590883710644	7.357630022759605
2.716143437E9	1.645621617743982	7.1591441729712955
2.7202670775E9	0.47879426767281624	3.2978764565889054
2.725726371E9	0.3844690146970862	3.2614415850793015
2.733973652E9	0.11804326783578734	1.6277277705619355
2.742220933E9	0.17734184151115986	2.0494055892714083
2.750468214E9	0.4208467008702626	3.2636357664935964
2.758715495E9	0.3157185986508766	2.719349200765236
2.766962776E9	0.5409203348352021	3.7472545743622763
2.775210057E9	0.23645114068503303	2.552574957132886
2.7813546445E9	1.0744759758667595	5.8417164424774235
2.785478285E9	0.0	0.0
2.791704619E9	0.03417295954872885	0.7205325989460756
2.7999519E9	0.04840128522357853	0.9938899930157036
2.808199181E9	0.0419700747434215	0.8631413866760133
2.816446462E9	0.330661341598522	2.6785173950669643
2.824693743E9	0.3597823331107549	2.772412557779713
2.829451479E9	0.9185848188482649	4.393740058186876
2.8335751195E9	0.0	0.0
2.841188305E9	1.0912687466329813E-4	0.016480432816787703
2.849435586E9	0.6158093800853881	4.216233054235841
2.857682867E9	0.6292682400417786	4.12265224773788
2.865930148E9	0.4928042345107436	3.35435211307864
2.874177429E9	0.4534185266635149	3.2730357885504517
2.879602556E9	1.434475501666748	7.067162284409597
2.8809794195E9	0.04605516271541717	0.48421903495796215
2.881075568E9	0.0	0.0
2.8811862255E9	0.0	0.0
2.8813586365E9	0.09629203271735838	0.7045573720986904
2.881462567E9	0.0	0.0
2.8815749325E9	0.0	0.0
2.8817178115E9	0.0	0.0
2.881819418E9	0.0	0.0
2.881906098E9	0.0	0.0
2.8842457205E9	0.14854275328645938	1.5601991926062013
2.890671991E9	0.06516778075101358	0.9400294424082623
2.898919272E9	0.10905375965727371	1.1129027632883295
2.907166553E9	0.08812989396141589	1.1449450607385039
2.915413834E9	0.061766296067758575	0.8962295414359773
2.923661115E9	0.07818237307544147	0.9164337701590207
2.931908396E9	0.35045040904996444	2.1828713877593002
2.940155677E9	0.08582658939352254	1.1334149475492414
2.948402958E9	0.08950343755717793	1.057737725521671
2.956650239E9	0.20221112873442776	1.7248960179110742
2.96489752E9	0.04154484368848351	0.7068303501623151
2.973144801E9	0.01881953579610056	0.5010656099882075
2.981392082E9	0.1372002481787634	1.412141424624668
2.989639363E9	0.1331068991101431	1.2734104558694346
2.997886644E9	0.08324392002649116	1.043580558675776
3.006133925E9	0.07538896758822695	0.9604892935783202
3.014381206E9	0.14724634700818368	1.3155262353727877
3.022628487E9	0.048892962419978175	0.8036293420367226
3.030875768E9	0.08148455230275287	0.998953046468213
3.036491697E9	0.9176791216979827	3.9689636543142246
3.0406153375E9	0.09058024164003904	1.2815108346660475
3.04737033E9	0.05715216930282841	0.8751036806273784
3.055617611E9	0.05426503595548642	1.010734967514391
3.063864892E9	0.013794485722021597	0.3025046582474498
3.072112173E9	0.0	0.0
3.080359454E9	0.0	0.0
3.088606735E9	0.0	0.0
3.093970888E9	0.011245352223375419	0.29695742858571
3.0952300205E9	0.0	0.0
3.0952497775E9	0.0	0.0
3.095251997E9	0.0	0.0
3.0952540505E9	0.0	0.0
3.0952557575E9	0.0	0.0
3.0952672315E9	0.0	0.0
3.0952801775E9	0.0	0.0
3.095282986E9	0.0	0.0
3.0952843085E9	0.0	0.0
3.0952861685E9	0.0	0.0
3.0952878055E9	0.0	0.0
3.095294504E9	0.0	0.0
3.0953195485E9	0.0	0.0
3.095338983E9	0.0	0.0
3.0953408955E9	0.0	0.0
3.095343463E9	0.0	0.0
3.095345222E9	0.0	0.0
3.095346809E9	0.0	0.0
3.095349042E9	0.0	0.0
3.0953512725E9	0.0	0.0
3.095353364E9	0.0	0.0
3.095355108E9	0.0	0.0
3.095356321E9	0.0	0.0
3.0953577535E9	0.0	0.0
3.095359376E9	0.0	0.0
3.095556087E9	1.1732868099606948E-4	0.01083183645537863
3.095752734E9	0.0	0.0
3.0957542375E9	0.0	0.0
3.0957570845E9	0.0	0.0
3.095805536E9	0.0	0.0
3.09590828E9	0.0	0.0
3.09596656E9	0.0	0.0
3.095969795E9	0.0	0.0
3.0959721615E9	0.0	0.0
3.0959744135E9	0.0	0.0
3.095976482E9	0.0	0.0
3.0959781075E9	0.0	0.0
3.095990102E9	0.0	0.0
3.0960705095E9	0.0	0.0
3.0961424095E9	0.0	0.0
3.09614931E9	0.0	0.0
3.096156554E9	0.0	0.0
3.096162411E9	0.0	0.0
3.096166714E9	0.0	0.0
3.09616929E9	0.0	0.0
3.096171731E9	0.0	0.0
3.0961743065E9	0.0	0.0
3.096175887E9	0.0	0.0
3.096222038E9	0.0	0.0
3.0962682935E9	0.0	0.0
3.096269694E9	0.0	0.0
3.0962711935E9	0.0	0.0
3.096273378E9	0.0	0.0
3.096275639E9	0.0	0.0
3.0962799385E9	0.0	0.0
3.096298978E9	0.0	0.0
3.0963367315E9	0.0	0.0
3.096361311E9	0.0	0.0
3.09636591E9	0.0	0.0
3.0963714185E9	0.0	0.0
3.0963777495E9	0.0	0.0
3.096382349E9	0.0	0.0
3.0963867675E9	0.0	0.0
3.0963904915E9	0.0	0.0
3.0963918375E9	0.0	0.0
3.0963930415E9	0.0	0.0
3.096395075E9	0.0	0.0
3.0963969485E9	0.0	0.0
3.0963981865E9	0.0	0.0
3.0963996145E9	0.0	0.0
3.0964008415E9	0.0	0.0
3.096401915E9	0.0	0.0
3.096403377E9	0.0	0.0
3.096405706E9	0.0	0.0
3.0964088985E9	0.0	0.0
3.0964148235E9	0.0	0.0
3.0964195075E9	0.0	0.0
3.096420554E9	0.0	0.0
3.0964217255E9	0.0	0.0
3.096423568E9	0.0	0.0
3.09642553E9	0.0	0.0
3.09642687E9	0.0	0.0
3.0964283815E9	0.0	0.0
3.0964299295E9	0.0	0.0
3.0964310225E9	0.0	0.0
3.0964324015E9	0.0	0.0
3.0964340375E9	0.0	0.0
3.0964356545E9	0.0	0.0
3.0964371835E9	0.0	0.0
3.0964386665E9	0.0	0.0
3.096439981E9	0.0	0.0
3.0964414315E9	0.0	0.0
3.0964428915E9	0.0	0.0
3.096445494E9	0.0	0.0
3.0964481695E9	0.0	0.0
3.0964500655E9	0.0	0.0
3.0964522185E9	0.0	0.0
3.096453769E9	0.0	0.0
3.0964556835E9	0.0	0.0
3.096458275E9	0.0	0.0
3.0964636735E9	0.0	0.0
3.0964714905E9	0.0	0.0
3.0965667595E9	0.0	0.0
3.0967478065E9	0.0	0.0
3.0969183065E9	0.0	0.0
3.097089054E9	0.0	0.0
3.0972576165E9	0.0	0.0
3.0973438365E9	0.0	0.0
3.09743346E9	0.027399095220988923	0.3393006180819136
3.0976209085E9	0.0	0.0
3.0978104735E9	0.0106842680089273	0.18754995219185855
3.097915655E9	0.0	0.0
3.0979698435E9	0.01804891255301868	0.2524136710088341
3.098102454E9	0.0	0.0
3.098248482E9	0.0	0.0
3.098374522E9	0.0	0.0
3.0985283265E9	0.0	0.0
3.0986781225E9	0.0	0.0
3.098767366E9	0.0	0.0
3.0988127105E9	0.0	0.0
3.098864278E9	0.0	0.0
3.098902735E9	0.0	0.0
3.0989608915E9	0.0	0.0
3.099036312E9	0.0	0.0
3.0991407965E9	0.0	0.0
3.099303025E9	0.0	0.0
3.0994846985E9	0.0	0.0
3.099653576E9	0.0	0.0
3.099967721E9	0.5045649833134608	2.286467219576537
3.100340622E9	0.2487628248145583	1.1359757941769173
3.100728804E9	0.3507318592338835	2.0148846864711567
3.101515147E9	0.38419097639865263	2.017560198331644
3.1022054085E9	0.3131909852000707	1.4524818113480238
3.1025331485E9	0.38642845304025286	2.253897553356486
3.1027912175E9	0.25593261131167266	1.4644935218605784
3.1029573855E9	0.22391293879713006	1.689196607387089
3.103062931E9	0.0	0.0
3.1031786555E9	0.23253295012171973	2.51137235583128
3.10334208E9	0.0	0.0
3.103482767E9	0.0	0.0
3.1038287865E9	0.061518638161954194	0.5231423385925468
3.1041653075E9	0.11814263001753782	1.0296851120949488
3.1044847005E9	0.17766911007732736	1.0923574897805381
3.1048490495E9	1.3524399105381864	4.444599645975332
3.10508024E9	0.2461478875770123	2.0259706444050565
3.105629184E9	0.1375069178857289	0.9128135121388847
3.1062829545E9	0.06087806998478592	0.8193832000447288
3.10667802E9	0.17843475309895132	1.4175616133167652
3.106949138E9	0.12086897104215263	0.7359692671807917
3.1071604535E9	0.46206742512807353	2.917397914554512
3.107433246E9	0.4770959455064611	2.7439256487976325
3.107642847E9	0.0	0.0
3.107807231E9	1.4913515170088876	5.353292283974283
3.108016786E9	0.0	0.0
3.1083486805E9	0.656780492190501	3.426582433316863
3.108735868E9	0.4165301030631187	2.750087288198538
3.1090516455E9	0.23199282136509475	1.4253845185714173
3.109292268E9	0.18379486265511172	1.5748268499457991
3.1095754895E9	0.28594290637404984	1.8610219848994491
3.110268924E9	0.32490024468975076	1.9021336116799596
3.1108372965E9	0.0	0.0
3.111178416E9	0.2780429141337766	1.7779316270623202
3.111696332E9	0.13217910849302478	0.9252381633477745
3.112024148E9	0.6902833503625988	2.642631714776707
3.1123518825E9	0.4174808629608588	2.641914056039003
3.112689607E9	0.12289738602603287	1.096812647524827
3.112942537E9	0.14446551153354728	1.0039307259646877
3.113198274E9	0.03699263572529543	0.5784388815140281
3.113375336E9	0.0	0.0
3.1136852375E9	0.12533098184397576	1.4425191843996013
3.1140417195E9	0.2312402509043842	1.7763552350467402
3.1144303125E9	0.03771780884095857	0.3737734102550446
3.1148938345E9	0.6504007376409674	3.139032082177098
3.115306268E9	0.06935795921316354	0.7038703649039504
3.1157007715E9	0.019503597330174233	0.4040866777430759
3.116016147E9	0.0013924796814006489	0.049878823470177795
3.116211793E9	0.0034120182656711155	0.08897124466004164
3.1163825765E9	0.0	0.0
3.116618425E9	9.804594432951282E-4	0.031312289013981844
3.116824178E9	0.0	0.0
3.116974473E9	0.1591383296678509	1.0123682110321206
3.117223447E9	0.07973323208478465	0.9725010494084738
3.117423554E9	0.0	0.0
3.11752243E9	0.026896228951535008	0.2563630159697406
3.117654662E9	0.0	0.0
3.1179713535E9	0.10354922423307523	1.1672156852189437
3.1183238915E9	0.08230463149142678	1.0905805702926443
3.1185300955E9	0.10180332137156571	1.1330188077377736
3.1186638935E9	0.425496579485713	2.7959974786344364
3.1188122E9	0.06821397144260079	0.7899053670156041
3.1189417835E9	0.0	0.0
3.119031296E9	0.0	0.0
3.1192646035E9	0.0012930048729571403	0.07045458565108662
3.119573191E9	0.0	0.0
3.11979312E9	0.0	0.0
3.1199932505E9	0.03521174401298877	0.5471371105346988
3.1202658475E9	0.1842349084170765	1.3952648435499981
3.120630526E9	0.45054971177274616	2.988816937068343
3.1208975455E9	0.0	0.0
3.121056931E9	0.60867448529018	2.5495751576004215
3.1212748515E9	0.48981053143199355	1.791180792678256
3.122440861E9	0.0837077729428027	0.7828259813377196
3.123559647E9	0.0	0.0
3.123731843E9	0.027350591396559584	0.39497333409545715
3.123905589E9	0.0	0.0
3.124156243E9	0.0	0.0
3.124488596E9	0.13241317751293452	1.3203720371465397
3.1246848165E9	0.5385966472497665	2.3590885083908963
3.1249839605E9	3.368536704358569	8.454374050983464
3.125478813E9	0.1754439904190721	1.4952940787153237
3.1258153425E9	1.08672516511378	3.7379021386870943
3.1259283855E9	0.0	0.0
3.1260669835E9	0.31744756915270433	2.165882073717624
3.126229539E9	0.0036445362327643806	0.0732776686056049
3.1264622605E9	0.241185713390825	1.8005054751855616
3.1268141995E9	0.0	0.0
3.1271087395E9	0.002236052621771699	0.07391496401854082
3.1273657625E9	0.2635033941623663	1.920007988541988
3.127558334E9	1.0401930759465527	4.233138697427155
3.12766468E9	0.0	0.0
3.127828692E9	0.06738917957756153	0.6801195904077943
3.128042349E9	0.0	0.0
3.128360835E9	0.0	0.0
3.128664108E9	0.09705267749720324	0.7626444456809749
3.128969306E9	0.18447167961867908	1.3537465327565579
3.1294982675E9	0.722509395308451	3.8534437747733543
3.1301334265E9	0.8441326238279793	4.166343390401132
3.1305637235E9	0.046684302958895585	0.6788689068488303
3.1308685615E9	0.07093060054357943	1.1099679435785497
3.132525107E9	0.16204189089970789	1.4687399953629345
3.135708871E9	0.16860203301722843	1.770989940808333
3.1375838995E9	0.0	0.0
3.1377919885E9	0.0	0.0
3.1379456385E9	0.0	0.0
3.13807759E9	0.765969786258828	3.2057458586814405
3.1381825785E9	0.18918814032909034	1.0614008276132625
3.1383378E9	0.3260291940531704	1.8305931466065875
3.1385240455E9	3.5616036821705426	8.349973454212085
3.1386262505E9	0.47312293204377703	2.800669846793005
3.1387278365E9	0.0	0.0
3.138876827E9	0.0	0.0
3.1392287105E9	0.05603088114480715	0.6810969125949634
3.139683903E9	0.010563018575533361	0.24588167741410122
3.1400953865E9	0.38194090202177294	2.01014069902085
3.1405015935E9	0.6456579154601956	2.466514086940136
3.1406793795E9	0.0	0.0
3.140919565E9	0.0	0.0
3.1413571285E9	0.0	0.0
3.1417136825E9	0.35543994756677044	3.5832683945457506
3.141952908E9	0.0	0.0
3.1421298615E9	0.08194774346793349	1.1260888106633453
3.14226876E9	0.8245290090221853	3.795171822056926
3.142455731E9	0.14901812546069668	1.4103083848924092
3.1426861345E9	0.22088330904607106	1.2934660360764694
3.1428269075E9	0.0	0.0
3.142876723E9	0.0	0.0
3.142986396E9	4.882179913072747	9.66134650556367
3.143306311E9	0.22768615853055554	1.5485323076733433
3.1436587875E9	0.6092839531767127	3.326405619422506
3.1438552095E9	0.3348380893401346	2.2228994403125446
3.1440183465E9	0.27855290048734477	1.6821082866465615
3.1442055865E9	0.4149115417017692	1.6730343815761186
3.1444308725E9	0.8481891261747079	3.232771637706299
3.1447233165E9	0.0	0.0
3.144946377E9	0.23850593070550907	2.0062474737535467
3.1451891185E9	0.49250158151628237	2.6167214851514493
3.145452005E9	0.1291570760679373	0.8078277884628713
3.145651126E9	0.2394241621559369	1.249148967466632
3.145842373E9	0.0	0.0
3.146075901E9	0.08952482619837752	0.737602822614197
3.1463176985E9	0.30089361281174776	2.265134077685507
3.146431306E9	0.0	0.0
3.1465845315E9	0.05163212018652802	0.4495668012794169
3.146769566E9	2.2034902411021813	5.140594166161249
3.146878665E9	0.07409236848604593	0.7329248383905536
3.1474567455E9	0.15280205724285897	1.0888600059335949
3.14807643E9	0.9279700411881723	3.3085961624068423
3.1484432145E9	0.2232615823657488	1.6248876941822121
3.148819422E9	0.0	0.0
3.148977379E9	2.512153591551317	6.563384085707156
3.1491170515E9	0.0	0.0
3.1493622605E9	0.0	0.0
3.14955241E9	0.34311861367465873	2.0343401344545073
3.149628021E9	0.5914622167265667	2.7969881329944486
3.149748357E9	0.0	0.0
3.1499742105E9	0.45643684804817725	2.7087105533072413
3.1502921685E9	0.0017733221417002613	0.05265257462705955
3.1504971245E9	0.0	0.0
3.1507112895E9	0.02354484451993744	0.4191598661095672
3.1509737455E9	0.0	0.0
3.151061473E9	0.0	0.0
3.151082855E9	0.0	0.0
3.1511749635E9	0.0	0.0
3.1513110845E9	0.019436345966958212	0.2853739469565414
3.1514522965E9	0.05880687537749144	0.77776035105956
3.1515644655E9	0.4233874667400679	1.982239858599489
3.1517003225E9	0.12902772392400155	0.8742553470168282
3.152003074E9	7.515350102584528E-4	0.027777255873562185
3.152563988E9	0.9039196285866504	3.707098647431963
3.1532707765E9	1.8549350732054675	5.290200790531317
3.1537483565E9	0.0	0.0
3.1539663695E9	0.15361645653616457	1.602186976698291
3.156380446E9	0.13729838038551614	1.08397356268196
3.158879927E9	0.08843952400272032	0.7489671294894524
3.159249488E9	0.0015131836122214797	0.04868936563371566
3.16219797E9	0.10451892200073121	1.2684915542199515
3.1659520495E9	0.06283028923499907	0.7388194853520629
3.1671347315E9	0.11530417666236083	0.9276972983665469
3.167415562E9	0.9677167940315774	4.909918557338569
3.1677021975E9	0.41601943325100743	2.123240128111339
3.1684641165E9	0.13585010575329082	1.2569154198073667
3.169090285E9	0.2639035217822694	2.476628890259029
3.169183024E9	3.9748845693438977	8.423655153218279
3.1692563895E9	0.6426392842618951	2.7188442402944384
3.169526105E9	0.05003590645587669	0.5524516208847526
3.17072987E9	0.2601090230733506	1.9390491426648295
3.171828911E9	0.5248978657917753	2.5481251823566455
3.172098126E9	0.20694451195118577	1.7375971291563137
3.172271162E9	1.2309659199328322	4.543003806777317
3.1723950345E9	0.0	0.0
3.172647101E9	0.48715958650375973	2.1889814812221817
3.172955559E9	0.1820664800882523	1.2472750600953588
3.1731654725E9	2.821018360066131	6.419006952760945
3.173311788E9	3.795402105698571	7.864067183814525
3.1735272955E9	1.3020319082709597	4.7244283048591305
3.173934712E9	0.3760939278532182	2.0923668596303373
3.174390402E9	0.7372377889652102	3.173986906428946
3.174700269E9	0.0	0.0
3.174882093E9	0.0051390542427175315	0.07168719720227268
3.175026774E9	0.437989907826359	2.3351623781380177
3.175158132E9	0.3312728200916688	1.7627803442415786
3.175275571E9	0.963756553453385	3.0223133096021804
3.1754417695E9	1.2950124183215546	5.1130666207361815
3.17556393E9	1.0997618837640004	4.434580974822701
3.175664622E9	0.0	0.0
3.1758185595E9	0.0	0.0
3.176002703E9	0.22718075484761166	2.124084095232916
3.176220675E9	0.0	0.0
3.17653979E9	0.03976562826010648	0.5856374131988026
3.1767900185E9	0.0	0.0
3.1769496365E9	0.3687645357834511	1.9934165586128831
3.177107325E9	1.4360785104975844	5.260686941390198
3.1773188075E9	2.8388244036026533	7.028025317078748
3.177732267E9	1.2082021230217068	4.112321971169781
3.178181544E9	1.062512796351159	3.5020217241167693
3.1784531475E9	0.9635171022653064	4.12917168124124
3.178707515E9	1.5989534046700475	5.5654793456075975
3.1789749365E9	0.02743311006185718	0.18434979474121094
3.1791420025E9	0.024681856103780125	0.20757881102432096
3.179311171E9	0.03925510465054035	0.2672238836728675
3.1795419975E9	0.010220698959532846	0.11638656718468073
3.1798092875E9	0.019912220295530535	0.17546871696107
3.180009459E9	0.011300499105377153	0.12795767891252088
3.1801782E9	0.008417650128790047	0.0917477527179279
3.180350655E9	0.037669527871251794	0.23399311683789709
3.180483934E9	0.015023286093444839	0.13239020775351545
3.180614404E9	0.0372451038207269	0.229839013773549
3.1808065105E9	0.006722899990139746	0.09184224801779409
3.180968346E9	0.00447525185722952	0.06689732324412928
3.181104254E9	0.02277199395082417	0.20634386280001957
3.181262731E9	0.028828136260990726	0.20259756899350315
3.181414059E9	0.013378778708629312	0.129639092857209
3.181629404E9	0.09947940451182756	0.8047443573478272
3.181944132E9	0.1983830478648192	1.1928199738468077
3.18238174E9	0.011549900382109204	0.40485613035905205
3.1828098585E9	0.37599776690264647	1.8232071172857733
3.1832143505E9	0.06568805163563672	0.5813441340714192
3.1837247395E9	0.02296981474662107	0.3445434518488809
3.184093866E9	0.7214862920187447	3.116231101329
3.1843949035E9	0.002182516587126062	0.07603449176165988
3.184831739E9	0.0	0.0
3.1851406715E9	0.25389302640487477	1.200214805146506
3.1852969175E9	0.27800295004168535	1.392018549313933
3.185462257E9	0.2961390336997637	1.2445464414386225
3.185626145E9	0.24113391754396282	1.0881057255319315
3.1857752395E9	0.2849850511841942	1.3143639774803937
3.185853968E9	0.0	0.0
3.1859106355E9	1.158313539192399	4.196947765497956
3.1860551575E9	0.0	0.0
3.186157877E9	0.0	0.0
3.186331841E9	0.5324409291573498	1.967716065751834
3.1865114995E9	0.0	0.0
3.1865603165E9	0.18277866589158553	1.2440178027512236
3.1866288175E9	0.0	0.0
3.186733197E9	0.2333691406944731	1.4470087273315055
3.1870050445E9	0.1547920263539124	1.1911755572508778
3.187353668E9	0.011219948388237415	0.23915379341572285
3.1875080665E9	0.0	0.0
3.1878252635E9	0.14718193495084844	1.0772362819210637
3.1881593065E9	0.0	0.0
3.188616363E9	0.5661287472148201	2.6811415758486548
3.1891540955E9	0.0	0.0
3.1893095315E9	0.38207612456747403	3.3668721357144116
3.1895373285E9	0.7384100168150681	3.228932959615352
3.189842686E9	0.3691990119834082	1.7159977967838378
3.1900255855E9	0.0	0.0
3.190172992E9	0.024286909355857193	0.4489059841013473
3.190356854E9	0.7315321833599175	3.206760223985028
3.1905032075E9	1.9288188776435593	4.963057744701436
3.1907416315E9	0.037645261607288996	0.3706820805847038
3.1909500505E9	0.0	0.0
3.1913364635E9	0.1316097585279171	1.2836086457031168
3.1917922925E9	0.0	0.0
3.192099638E9	0.21360382141959253	1.8971953235004544
3.1923953555E9	0.45373686939952	2.2868997865068534
3.1925463925E9	0.0	0.0
3.192649956E9	0.05070041051250582	0.3704490474959638
3.192797212E9	0.12380100614868642	0.9688242659825484
3.1929693325E9	0.09195297472972076	0.8202365643457297
3.1931013355E9	0.02301415719366762	0.38192658022934517
3.193239551E9	0.0	0.0
3.193375081E9	0.0	0.0
3.193499288E9	0.0	0.0
3.193609535E9	0.11988301437796892	1.1379758588409383
3.19371265E9	0.24341783607785208	1.2272458013879164
3.193822626E9	0.2145112703014836	1.0006902746782753
3.1939716195E9	0.6508216299392534	3.5948213271490745
3.1941394915E9	0.0	0.0
3.194306856E9	0.03985538633909131	0.38903427566564536
3.194448025E9	0.0	0.0
3.1946146725E9	0.005354561193710175	0.1303868543605137
3.194817062E9	0.07950362814176044	0.8363037061000116
3.194994222E9	0.19522139488278079	1.5399402268248938
3.1952051725E9	0.0	0.0
3.1953858155E9	0.07696799193163119	0.9630632603640473
3.1955449885E9	0.42505552524937656	2.1698712982709023
3.195728859E9	0.060026226843728644	0.7150010094774684
3.1959022755E9	0.014641764820719725	0.2762046661296823
3.1961046005E9	0.0	0.0
3.196402817E9	0.0	0.0
3.196646882E9	0.0	0.0
3.1969960915E9	0.16017876264331363	1.2988521973399914
3.197368812E9	0.0	0.0
3.1975305625E9	0.16020810035493752	0.9474511771931989
3.1976727865E9	0.0	0.0
3.1978357145E9	0.0	0.0
3.1980607345E9	0.0	0.0
3.1982458505E9	0.03489883934800533	0.3581982069701472
3.19839844E9	0.29781672559105915	1.7650360273853962
3.1985858165E9	0.20645342598743038	1.0525801589704218
3.1987250355E9	0.0	0.0
3.1988798255E9	0.0	0.0
3.1990755305E9	0.24792474385930796	2.0502993832860303
3.199551419E9	0.12246655632041402	0.8834688667588114
3.200357883E9	0.0720265856373129	0.6143992997074883
3.200821358E9	0.0	0.0
3.2009583325E9	0.0	0.0
3.201131416E9	0.0	0.0
3.2012840915E9	0.034126406453765204	0.41405712419381707
3.2036862245E9	0.12170451252404024	0.8433039822615034
3.2061103155E9	0.0	0.0
3.2062742935E9	0.0	0.0
3.2064127355E9	0.01202539763981529	0.15921538312842334
3.2069103435E9	0.08277731826118923	0.9129791484291464
3.207383086E9	0.0	0.0
3.2075135E9	0.0	0.0
3.2077051795E9	0.13288716993358174	1.0107904386518094
3.2079398385E9	0.33951475815175397	2.281287797217088
3.2081340195E9	0.0	0.0
3.2082129955E9	0.11169389925553515	0.7497945188883183
3.2083384745E9	0.23973929556363496	1.5694672681053286
3.2085223505E9	0.135566430206239	1.2254441601842891
3.208661025E9	0.2743512078064825	1.204395123914399
3.2092764015E9	0.6858920265930171	2.8235926733478047
3.209967914E9	0.02296513234237719	0.3211205078763004
3.2101668585E9	0.0	0.0
3.2103350695E9	0.0014286530658894794	0.0377975272457006
3.2105128665E9	0.0	0.0
3.2107270375E9	0.0	0.0
3.2110146235E9	0.04616394698327155	0.7608610736374538
3.2116535945E9	0.11430168867566509	1.1791649124858674
3.2122964625E9	0.3316390767078573	3.2010733719236213
3.2127588235E9	0.10339283769848133	0.8687419815031447
3.2131419755E9	0.0	0.0
3.213400089E9	0.0	0.0
3.213654064E9	0.25212865540869434	1.7795533708133469
3.2137391515E9	0.0	0.0
3.213836963E9	0.1441286175251442	1.1901854440455608
3.214069375E9	2.7653290435226148	7.081078655303195
3.2142884175E9	0.317670366897553	2.49575423626365
3.2144360335E9	0.0	0.0
3.214553303E9	0.11530237173484648	0.7169455942897035
3.2146747215E9	0.06819004472052591	0.5555027498720605
3.2147903805E9	0.0	0.0
3.2150399375E9	0.055324517971586176	0.7157072685445801
3.2153491055E9	0.2894217144387294	2.326832558217369
3.2155294805E9	0.0	0.0
3.2157751295E9	0.253697522934003	2.093579932318999
3.216024188E9	0.31429254175185195	1.6986025952600783
3.216223412E9	2.7066001056473756	7.4669823939834705
3.2163840345E9	0.27366981064151485	1.2611230219727922
3.2164725805E9	0.023461655046983936	0.24646638819369512
3.216654018E9	0.33359942067060744	1.836037453423184
3.216904495E9	0.2947676897367918	1.7624274941425355
3.217083728E9	0.0	0.0
3.2172614305E9	0.6086329217206141	3.053811460366704
3.217457634E9	0.37033786290090853	2.8285416432195465
3.217587192E9	0.0	0.0
3.21771413E9	0.0	0.0
3.217890871E9	0.29510558055859376	2.0158460314733193
3.218178663E9	0.47423402592885605	2.5976089155894733
3.2184028435E9	0.41274632077824897	2.064463726110981
3.2184832905E9	0.0	0.0
3.218662762E9	0.007558610727348313	0.11955823991282254
3.2188664205E9	0.030145763633569377	0.3706666304923155
3.219020337E9	0.0	0.0
3.2191661015E9	0.09461386501301726	0.6656061268877829
3.2193022875E9	0.9213961739945439	2.780738388155876
3.219454196E9	0.0	0.0
3.219584386E9	0.4417507000959756	1.9177894590381606
3.2196504835E9	0.0	0.0
3.2197743925E9	0.0	0.0
3.2199603875E9	0.019966057701906757	0.3082650521982622
3.2201024565E9	0.0	0.0
3.2202389395E9	0.0	0.0
3.220476963E9	0.0293405623091886	0.4074967143241175
3.220649063E9	0.06436559658862338	0.42572619416020435
3.2208287895E9	0.12185643426059857	0.8415038494670298
3.221745428E9	0.25570523939009115	1.735646747834889
3.222591335E9	0.08963326563477086	0.973984093399149
3.223357383E9	0.27536549323549847	1.9198168940868636
3.224272579E9	0.01498959288015215	0.2192035690806912
3.224599475E9	0.09867099941073156	0.7218066539813889
3.224731002E9	0.0223994742864912	0.19548964085212567
3.2249388235E9	0.11912383698553983	0.682744807367184
3.225250778E9	0.20509093606990259	1.1942731392977413
3.2255215E9	0.0759522613783445	0.8044156403947577
3.225838345E9	0.059417706476530004	0.5243833935463071
3.2262481715E9	0.19945460453026365	1.379235534987731
3.226530708E9	0.3549738063833434	2.0758047705146754
3.2266297955E9	0.31430714888562405	2.363863962585295
3.226778215E9	0.8188931404252395	3.758220039808516
3.2282244935E9	0.2046121743053728	1.3319184820690102
3.2296505745E9	0.19029210961124793	1.0340329078992476
3.2297916415E9	0.21244089570880542	1.1502074039040602
3.230024323E9	0.044773497368848336	0.40998488253657744
3.230407847E9	0.09908344554971547	0.7811169435852781
3.2307018695E9	2.2952493288863582	5.931273547701652
3.231867183E9	0.3141247242774981	1.9174224961151876
3.23330572E9	0.8079299185208609	3.665004676660373
3.233816353E9	0.8201243299020965	3.316164573959263
3.233990591E9	0.6019333285947829	2.5408315298685893
3.234092339E9	0.8078046728901773	2.7722409120881055
3.2350699105E9	0.10174578154020435	0.8956757985169053
3.236092904E9	0.0	0.0
3.236322815E9	0.0	0.0
3.23649511E9	0.013791454814596876	0.22389136003752977
3.236594601E9	0.0	0.0
3.236729171E9	0.22958735978448588	1.4002092546939948
3.2368745E9	0.0	0.0
3.237075284E9	0.013352608934171983	0.21779471857347774
3.237302594E9	0.0	0.0
3.2374841275E9	0.32801924570552454	2.4435723241817904
3.2376355425E9	0.0	0.0
3.2377717935E9	0.0	0.0
3.237935542E9	0.3860053777256858	2.6038352975590846
3.238099315E9	0.2073762343823475	1.765165774978665
3.2382141815E9	0.7927236206952408	2.8537901664377996
3.238271533E9	1.7675244010647737	5.205943913130174
3.238490846E9	0.1121670292513814	1.205435019449031
3.2387687855E9	0.24620201854049417	1.931909197964971
3.2389479085E9	0.18369995319746416	1.8861401250520384
3.2391198525E9	0.14398449930708823	1.1989190840832964
3.2392193625E9	0.23032718509593103	1.101381432719489
3.2393578215E9	0.09508816659679503	0.860506291331228
3.2399685605E9	0.31328236051658576	1.4127409033464324
3.2405266115E9	0.0	0.0
3.2406501915E9	0.18616027076632932	0.9705923999374333
3.240738909E9	0.16336237022894257	0.7536413708107781
3.240859956E9	0.49633926283711216	2.8138335609713065
3.240983631E9	0.0	0.0
3.2410985115E9	0.0	0.0
3.241181883E9	0.0	0.0
3.2412542825E9	0.020847810979847115	0.27758513897814296
3.241426831E9	0.0	0.0
3.241564756E9	0.19691104175317803	1.410894497730443
3.241660427E9	0.375356717428378	1.9847130639980544
3.2417601175E9	0.5320829100759444	2.1045940264240026
3.2419314205E9	0.3332140631131836	1.8050859950201499
3.2421545085E9	0.0	0.0
3.242399707E9	0.5977608627747546	2.5549170690488303
3.2426836075E9	0.12656542747263583	1.4687392851437662
3.242866106E9	0.11834483030859264	1.1002488860679118
3.2429652335E9	0.03714250340472948	0.37193438999170747
3.243095101E9	0.3297197363814484	1.5219615074800767
3.243318941E9	0.040983750425634236	0.41652584715972946
3.2435334785E9	0.07699402244012038	0.6565968099983144
3.2436866875E9	0.49566000049318176	2.5002971243551118
3.2438748725E9	0.07467383894134237	0.8382530188045613
3.2440625605E9	0.0	0.0
3.2442246175E9	0.5360843728513899	1.8229158101456822
3.244495339E9	0.031700158764961815	0.42938109340889463
3.2452568215E9	0.08462904288468025	0.6723029955738974
3.245894509E9	0.04696197988652764	0.3871055597077119
3.247694351E9	0.3537528320908506	1.668823574791274
3.2500919835E9	0.49645845049293724	2.0188758926260353
3.250850687E9	0.03862334899852778	0.5626390216085302
3.251014601E9	0.001044108090742485	0.03231266146176271
3.251242424E9	0.0743080200949521	0.819620805735418
3.251455123E9	2.017280317867886	4.962224819575552
3.251615791E9	0.21583226557949914	1.2394430146660809
3.252009278E9	0.3237989408560162	1.9569391799837812
3.2523936445E9	0.06976637607951768	0.5182135650540509
3.2550725435E9	0.10625557260084155	0.8830041996075778
3.257664623E9	0.0	0.0
3.2577334835E9	0.03783398274422488	0.4779983952963945
3.257869521E9	0.12494668966702525	0.7131282719266454
3.2581109705E9	0.3662645794966237	2.226748076940537
3.2583179055E9	0.09543544907459975	0.6454547126478009
3.2590735355E9	0.24762048637216394	1.9260225917447265
3.259872161E9	0.0	0.0
3.2600380465E9	0.293450003170376	1.884967850683522
3.2604816615E9	0.18854315166136637	0.9371858138589336
3.260883428E9	0.1195735884236553	0.5326668176565933
3.261057439E9	0.0773733709476696	0.7523731442698425
3.2612777135E9	0.41492134021856614	1.6930955658710856
3.261638883E9	0.0	0.0
3.2639200295E9	0.37427037205097524	1.8164027102816684
3.266222435E9	0.4892456674304758	1.80845341744137
3.2666362345E9	0.08504810669830165	0.8193795448999814
3.2668601815E9	1.0640586976012296	2.924815229007781
3.2675016395E9	0.08306931102391797	0.5261925489741278
3.268121843E9	0.40759669057313047	1.7654576496018106
3.2682916235E9	0.5908551432172179	2.0474046498894864
3.270712174E9	0.23534416799229868	1.169039912553118
3.273596916E9	0.08191210991343978	0.5154705946565576
3.274156697E9	0.0	0.0
3.2742553725E9	0.2636620880740435	1.2801294295819288
3.276754094E9	0.3604348387147555	1.6260093678942564
3.2797011955E9	0.07890921707817965	0.5142736127902618
3.2803164755E9	0.5071693975756837	1.768582971819124
3.2814081995E9	0.15318891207649465	0.8953855407285543
3.2837113935E9	0.5703796900788911	2.1978201639234682
3.28550629E9	0.08976516007551738	0.5429448230676448
3.286090435E9	0.4932702120079465	1.7974609439547726
3.288419179E9	0.28468585877497643	1.454507131742102
3.2908838135E9	0.7341467987233303	3.3843413613176594
3.2915960575E9	0.3455414851585452	1.6107895248367732
3.2921279835E9	0.03908692933083177	0.37542971002170217
3.292564599E9	0.271881618975516	1.3574627826534251
3.2934962385E9	0.4118185226846644	2.1346194303636277
3.294154042E9	0.004823015429630195	0.07712577841775023
3.294363645E9	0.029912147371756875	0.19097962912192126
3.294527371E9	0.11365589960077171	0.7555305479722723
3.294691411E9	0.03157396200599905	0.21584516452506397
3.294879044E9	0.057285826898878275	0.38544913655820645
3.2950859195E9	0.024342281110389857	0.17823878182709518
3.2952684415E9	0.009644317568088883	0.09820548644596636
3.2954315565E9	0.031634817045308086	0.24533277110574742
3.295609155E9	0.006504100293226522	0.08642265426411713
3.2957867445E9	0.02724396531520975	0.20312187334219947
3.2959746815E9	0.021009386239363725	0.17714417813127378
3.296162611E9	0.015820466996748016	0.13133989667529192
3.2963402015E9	0.009755251577099005	0.09876867710513797
3.2965279255E9	0.028282320407265416	0.21922361831103615
3.296684947E9	0.023442259424421862	0.21322063085338136
3.296831853E9	0.026361884230320855	0.19223294071103997
3.297016206E9	0.020454028938663164	0.15449299058303392
3.2972563205E9	0.01541328873518907	0.18802897490076811
3.2974914E9	0.0335222284300423	0.2483992436901461
3.2976800435E9	0.017427859225146815	0.153645134956759
3.297867821E9	0.016917020670988114	0.1677537767804943
3.298061309E9	0.016436473031732353	0.16390900610636705
3.2982467695E9	0.019394879751745538	0.1794965440699381
3.2984397095E9	0.018773292789201416	0.17943621702074064
3.298632844E9	0.01319361780727936	0.12863797512941738
3.298806803E9	0.006765098855007019	0.08225022100278527
3.298903778E9	0.0	0.0
