#Coverage	Number of genomic locations
0.0	3.210306728E9
1.0	1.0888688E7
2.0	9440408.0
3.0	7859167.0
4.0	6624548.0
5.0	5472304.0
6.0	4604156.0
7.0	3879251.0
8.0	3298071.0
9.0	2842187.0
10.0	2475033.0
11.0	2173582.0
12.0	1947200.0
13.0	1766380.0
14.0	1613317.0
15.0	1484789.0
16.0	1383165.0
17.0	1291462.0
18.0	1218804.0
19.0	1151766.0
20.0	1092653.0
21.0	1029077.0
22.0	963484.0
23.0	904342.0
24.0	853070.0
25.0	795825.0
26.0	742282.0
27.0	696916.0
28.0	652184.0
29.0	616477.0
30.0	577794.0
31.0	550240.0
32.0	520758.0
33.0	498722.0
34.0	477658.0
35.0	456718.0
36.0	439634.0
37.0	420961.0
38.0	405566.0
39.0	389323.0
40.0	372045.0
41.0	354752.0
42.0	331775.0
43.0	312112.0
44.0	290163.0
45.0	268047.0
46.0	245674.0
47.0	225438.0
48.0	205374.0
49.0	186052.0
50.0	164549.0
51.0	147677.0
52.0	131978.0
53.0	116255.0
54.0	102591.0
55.0	89426.0
56.0	78055.0
57.0	68791.0
58.0	59677.0
59.0	52135.0
60.0	43996.0
61.0	37783.0
62.0	31723.0
63.0	27106.0
64.0	22769.0
65.0	18703.0
66.0	15798.0
67.0	13114.0
68.0	10832.0
69.0	8842.0
70.0	7112.0
71.0	6074.0
72.0	5252.0
73.0	4279.0
74.0	3796.0
75.0	3160.0
76.0	2662.0
77.0	2313.0
78.0	1939.0
79.0	1718.0
80.0	1439.0
81.0	1264.0
82.0	1245.0
83.0	1043.0
84.0	941.0
85.0	924.0
86.0	821.0
87.0	786.0
88.0	713.0
89.0	625.0
90.0	538.0
91.0	393.0
92.0	431.0
93.0	428.0
94.0	423.0
95.0	455.0
96.0	454.0
97.0	459.0
98.0	443.0
99.0	408.0
100.0	402.0
101.0	433.0
102.0	402.0
103.0	355.0
104.0	409.0
105.0	427.0
106.0	440.0
107.0	407.0
108.0	341.0
109.0	359.0
110.0	371.0
111.0	336.0
112.0	308.0
113.0	294.0
114.0	343.0
115.0	259.0
116.0	267.0
117.0	243.0
118.0	270.0
119.0	242.0
120.0	253.0
121.0	230.0
122.0	254.0
123.0	268.0
124.0	265.0
125.0	246.0
126.0	225.0
127.0	225.0
128.0	218.0
129.0	198.0
130.0	223.0
131.0	199.0
132.0	198.0
133.0	187.0
134.0	184.0
135.0	189.0
136.0	170.0
137.0	135.0
138.0	118.0
139.0	121.0
140.0	120.0
141.0	148.0
142.0	154.0
143.0	159.0
144.0	154.0
145.0	143.0
146.0	158.0
147.0	119.0
148.0	124.0
149.0	110.0
150.0	104.0
151.0	104.0
152.0	115.0
153.0	93.0
154.0	101.0
155.0	90.0
156.0	79.0
157.0	116.0
158.0	89.0
159.0	82.0
160.0	86.0
161.0	120.0
162.0	137.0
163.0	120.0
164.0	121.0
165.0	90.0
166.0	105.0
167.0	110.0
168.0	102.0
169.0	104.0
170.0	121.0
171.0	149.0
172.0	94.0
173.0	112.0
174.0	120.0
175.0	120.0
176.0	129.0
177.0	112.0
178.0	95.0
179.0	101.0
180.0	129.0
181.0	114.0
182.0	145.0
183.0	114.0
184.0	99.0
185.0	96.0
186.0	82.0
187.0	93.0
188.0	82.0
189.0	75.0
190.0	64.0
191.0	66.0
192.0	76.0
193.0	69.0
194.0	63.0
195.0	46.0
196.0	41.0
197.0	60.0
198.0	54.0
199.0	51.0
200.0	65.0
201.0	47.0
202.0	51.0
203.0	54.0
204.0	41.0
205.0	56.0
206.0	62.0
207.0	62.0
208.0	72.0
209.0	57.0
210.0	48.0
211.0	50.0
212.0	47.0
213.0	57.0
214.0	44.0
215.0	42.0
216.0	46.0
217.0	37.0
218.0	31.0
219.0	23.0
220.0	33.0
221.0	24.0
222.0	27.0
223.0	41.0
224.0	35.0
225.0	36.0
226.0	22.0
227.0	28.0
228.0	29.0
229.0	30.0
230.0	24.0
231.0	24.0
232.0	37.0
233.0	39.0
234.0	40.0
235.0	50.0
236.0	30.0
237.0	45.0
238.0	46.0
239.0	40.0
240.0	46.0
241.0	35.0
242.0	39.0
243.0	37.0
244.0	36.0
245.0	29.0
246.0	30.0
247.0	36.0
248.0	25.0
249.0	18.0
250.0	23.0
251.0	21.0
252.0	29.0
253.0	20.0
254.0	26.0
255.0	26.0
256.0	22.0
257.0	23.0
258.0	17.0
259.0	23.0
260.0	27.0
261.0	24.0
262.0	34.0
263.0	33.0
264.0	44.0
265.0	41.0
266.0	46.0
267.0	41.0
268.0	32.0
269.0	42.0
270.0	22.0
271.0	36.0
272.0	48.0
273.0	38.0
274.0	35.0
275.0	21.0
276.0	29.0
277.0	21.0
278.0	23.0
279.0	15.0
280.0	12.0
281.0	12.0
282.0	29.0
283.0	28.0
284.0	13.0
285.0	24.0
286.0	18.0
287.0	14.0
288.0	8.0
289.0	10.0
290.0	8.0
291.0	11.0
292.0	7.0
293.0	10.0
294.0	11.0
295.0	11.0
296.0	6.0
297.0	7.0
298.0	4.0
299.0	7.0
300.0	6.0
301.0	9.0
302.0	8.0
303.0	9.0
304.0	8.0
305.0	9.0
306.0	7.0
307.0	10.0
308.0	11.0
309.0	5.0
310.0	6.0
311.0	9.0
312.0	3.0
313.0	7.0
314.0	7.0
315.0	5.0
316.0	2.0
317.0	12.0
318.0	7.0
319.0	3.0
320.0	8.0
321.0	7.0
322.0	6.0
323.0	6.0
324.0	7.0
325.0	5.0
326.0	2.0
327.0	8.0
328.0	5.0
329.0	6.0
330.0	6.0
331.0	11.0
332.0	5.0
333.0	3.0
334.0	3.0
335.0	5.0
336.0	7.0
337.0	5.0
338.0	8.0
339.0	6.0
340.0	5.0
341.0	2.0
342.0	4.0
343.0	5.0
344.0	3.0
345.0	5.0
346.0	6.0
347.0	1.0
348.0	4.0
350.0	2.0
351.0	4.0
352.0	4.0
353.0	3.0
354.0	2.0
355.0	7.0
356.0	9.0
357.0	4.0
358.0	6.0
359.0	3.0
360.0	1.0
361.0	3.0
362.0	2.0
363.0	1.0
364.0	3.0
365.0	4.0
366.0	3.0
367.0	2.0
368.0	3.0
369.0	1.0
370.0	5.0
371.0	3.0
372.0	5.0
373.0	5.0
374.0	2.0
375.0	5.0
376.0	3.0
377.0	8.0
378.0	2.0
379.0	4.0
380.0	2.0
381.0	2.0
382.0	4.0
383.0	6.0
384.0	2.0
385.0	3.0
386.0	3.0
387.0	2.0
388.0	5.0
389.0	6.0
390.0	2.0
391.0	5.0
392.0	4.0
393.0	2.0
394.0	2.0
395.0	5.0
396.0	8.0
397.0	9.0
398.0	4.0
399.0	8.0
400.0	1.0
401.0	9.0
402.0	6.0
403.0	5.0
404.0	5.0
405.0	5.0
406.0	6.0
407.0	8.0
408.0	9.0
409.0	6.0
410.0	7.0
411.0	5.0
412.0	3.0
413.0	5.0
414.0	2.0
415.0	5.0
416.0	6.0
417.0	4.0
418.0	5.0
419.0	1.0
420.0	4.0
421.0	5.0
422.0	2.0
423.0	4.0
424.0	3.0
425.0	2.0
426.0	1.0
427.0	3.0
428.0	5.0
429.0	1.0
430.0	2.0
431.0	1.0
432.0	2.0
433.0	3.0
434.0	3.0
435.0	3.0
436.0	1.0
437.0	5.0
438.0	4.0
439.0	2.0
440.0	2.0
441.0	4.0
442.0	1.0
443.0	1.0
444.0	4.0
445.0	4.0
446.0	4.0
447.0	9.0
448.0	1.0
449.0	2.0
450.0	3.0
451.0	1.0
452.0	1.0
453.0	1.0
454.0	1.0
455.0	2.0
456.0	2.0
457.0	1.0
458.0	3.0
461.0	1.0
462.0	1.0
463.0	2.0
464.0	2.0
465.0	4.0
466.0	2.0
467.0	1.0
468.0	1.0
469.0	1.0
470.0	1.0
472.0	1.0
474.0	1.0
475.0	2.0
476.0	1.0
477.0	2.0
478.0	1.0
480.0	2.0
482.0	3.0
483.0	1.0
485.0	4.0
486.0	2.0
487.0	5.0
488.0	2.0
489.0	4.0
490.0	5.0
492.0	6.0
493.0	3.0
494.0	3.0
495.0	3.0
496.0	4.0
497.0	2.0
498.0	3.0
499.0	1.0
500.0	1.0
501.0	3.0
502.0	2.0
504.0	3.0
505.0	6.0
506.0	3.0
509.0	1.0
510.0	2.0
511.0	2.0
513.0	1.0
515.0	2.0
516.0	2.0
517.0	6.0
518.0	3.0
519.0	4.0
521.0	3.0
522.0	2.0
523.0	1.0
525.0	1.0
528.0	1.0
529.0	2.0
530.0	1.0
531.0	2.0
534.0	1.0
535.0	1.0
536.0	3.0
538.0	2.0
541.0	2.0
544.0	3.0
546.0	2.0
547.0	2.0
548.0	3.0
549.0	1.0
550.0	3.0
553.0	2.0
554.0	2.0
556.0	1.0
558.0	1.0
559.0	2.0
560.0	2.0
561.0	3.0
562.0	4.0
563.0	3.0
565.0	2.0
566.0	3.0
569.0	4.0
570.0	2.0
571.0	3.0
573.0	1.0
574.0	1.0
575.0	3.0
576.0	2.0
577.0	3.0
579.0	3.0
580.0	2.0
581.0	1.0
582.0	3.0
583.0	3.0
585.0	2.0
586.0	2.0
587.0	1.0
588.0	3.0
589.0	3.0
590.0	3.0
592.0	2.0
593.0	4.0
594.0	3.0
595.0	2.0
596.0	2.0
597.0	1.0
598.0	2.0
599.0	3.0
600.0	3.0
601.0	2.0
602.0	1.0
603.0	1.0
604.0	5.0
605.0	5.0
606.0	2.0
607.0	2.0
608.0	4.0
609.0	4.0
611.0	3.0
612.0	1.0
614.0	3.0
615.0	3.0
616.0	3.0
617.0	1.0
618.0	2.0
619.0	4.0
620.0	5.0
621.0	5.0
622.0	3.0
623.0	4.0
624.0	3.0
625.0	2.0
626.0	3.0
627.0	1.0
628.0	3.0
629.0	4.0
630.0	3.0
631.0	2.0
632.0	1.0
633.0	3.0
634.0	2.0
636.0	4.0
637.0	3.0
638.0	2.0
641.0	1.0
642.0	4.0
643.0	2.0
644.0	3.0
645.0	2.0
646.0	1.0
647.0	1.0
650.0	2.0
654.0	1.0
658.0	2.0
661.0	1.0
664.0	1.0
667.0	1.0
672.0	1.0
677.0	1.0
680.0	1.0
683.0	1.0
685.0	2.0
686.0	1.0
688.0	1.0
691.0	2.0
692.0	3.0
693.0	3.0
694.0	2.0
695.0	4.0
696.0	3.0
698.0	2.0
699.0	3.0
700.0	2.0
701.0	1.0
702.0	1.0
703.0	2.0
704.0	1.0
715.0	1.0
720.0	1.0
724.0	1.0
727.0	1.0
733.0	1.0
734.0	1.0
738.0	1.0
743.0	1.0
750.0	2.0
752.0	1.0
754.0	1.0
762.0	2.0
765.0	1.0
766.0	1.0
767.0	1.0
771.0	1.0
773.0	1.0
781.0	2.0
782.0	1.0
785.0	1.0
786.0	1.0
795.0	1.0
797.0	1.0
799.0	1.0
802.0	2.0
803.0	1.0
807.0	1.0
809.0	1.0
813.0	4.0
815.0	2.0
817.0	1.0
818.0	1.0
819.0	1.0
820.0	1.0
821.0	2.0
823.0	1.0
826.0	2.0
828.0	1.0
829.0	2.0
838.0	1.0
839.0	1.0
847.0	1.0
851.0	1.0
859.0	1.0
866.0	1.0
867.0	1.0
876.0	1.0
880.0	1.0
889.0	1.0
894.0	1.0
896.0	1.0
901.0	1.0
907.0	1.0
909.0	1.0
910.0	1.0
914.0	1.0
932.0	1.0
950.0	1.0
960.0	1.0
961.0	1.0
962.0	1.0
966.0	1.0
967.0	1.0
970.0	1.0
974.0	1.0
998.0	1.0
1011.0	1.0
1012.0	1.0
1015.0	1.0
1025.0	2.0
1034.0	1.0
1044.0	1.0
1059.0	1.0
1064.0	1.0
1069.0	1.0
1073.0	2.0
1085.0	1.0
1086.0	1.0
1089.0	1.0
1097.0	1.0
1098.0	1.0
1104.0	1.0
1117.0	1.0
1127.0	2.0
1128.0	2.0
1135.0	1.0
1140.0	1.0
1145.0	1.0
1154.0	1.0
1157.0	1.0
1158.0	1.0
1159.0	2.0
1160.0	1.0
1161.0	2.0
1164.0	1.0
1165.0	1.0
1169.0	1.0
1170.0	3.0
1172.0	1.0
1173.0	1.0
1174.0	2.0
1176.0	2.0
1178.0	1.0
