#Position (bp)	insert size
4123641.0	426.6556798116539
1.2370922E7	415.72804153508537
2.0618203E7	413.5586621036999
2.8865484E7	419.33357367255496
3.7112765E7	414.6945784395973
4.5360046E7	424.468787515006
5.3607327E7	401.4053409632809
6.1854608E7	389.76654127019253
7.0101889E7	383.25457570715474
7.834917E7	399.7337247893796
8.6596451E7	399.23380726698264
9.4843732E7	393.9697901591896
1.03091013E8	395.4041167274622
1.11338294E8	416.16559623915776
1.19585575E8	397.347476635514
1.27832856E8	0.0
1.36080137E8	0.0
1.44327418E8	402.1689723320158
1.52574699E8	423.27705925743794
1.6082198E8	419.6609018235018
1.69069261E8	393.835197508141
1.77316542E8	392.581568088033
1.85563823E8	394.8906876790831
1.93811104E8	403.61792588336687
2.02058385E8	413.6869269059471
2.10305666E8	405.4508056640625
2.18552947E8	399.3498944945329
2.26800228E8	412.3238225946258
2.35047509E8	401.6265727226975
2.4329479E8	405.950184144214
2.481874265E8	428.88818657367045
2.4904395E8	0.0
2.491474935E8	0.0
2.492273505E8	0.0
2.493246215E8	0.0
2.493781395E8	0.0
2.494193325E8	307.09090909090907
2.49528459E8	0.0
2.49636853E8	455.10714285714283
2.49678084E8	0.0
2.52682327E8	397.46153846153845
2.59789352E8	389.5548580786026
2.68036633E8	411.09890341628005
2.76283914E8	420.9687361172812
2.84531195E8	384.7455017020587
2.92778476E8	399.1133726120336
3.01025757E8	403.21510416666666
3.09273038E8	398.681076312307
3.17520319E8	401.2401366884126
3.257676E8	425.96746143057504
3.34014881E8	406.47075697211153
3.42262162E8	417.94299171674515
3.50509443E8	405.73165415354805
3.58756724E8	406.2014290217505
3.67004005E8	405.24822508545884
3.75251286E8	403.11967361740705
3.83498567E8	415.3095954967928
3.91745848E8	379.6923597025017
3.99993129E8	395.94016376233463
4.0824041E8	388.5225116091258
4.16487691E8	400.87166336402845
4.24734972E8	425.67471805729593
4.32982253E8	412.2082291866949
4.41229534E8	395.23297902901464
4.49476815E8	394.2752246732026
4.57724096E8	398.32962607861936
4.65971377E8	425.5738344165018
4.74218658E8	400.23900196979645
4.82465939E8	414.3835323817846
4.892410255E8	411.0797288573273
4.91973207E8	0.0
4.92130842E8	0.0
4.93522301E8	377.7319034852547
4.98960501E8	408.3595995893224
5.07207782E8	395.39576083517875
5.15455063E8	387.201244813278
5.23702344E8	388.9798012183392
5.31949625E8	416.88952293996806
5.40196906E8	432.27531961298405
5.48444187E8	414.75154134621494
5.56691468E8	398.0932336742722
5.64938749E8	408.40260184868197
5.7318603E8	371.16991150442476
5.81433311E8	407.94606542882406
5.89680592E8	404.58663101604276
5.97927873E8	386.84722222222223
6.06175154E8	401.15558562040974
6.14422435E8	402.5799330498507
6.22669716E8	404.13021786130054
6.30916997E8	396.91135776189753
6.39164278E8	397.5787855495773
6.47411559E8	408.5921650264951
6.5565884E8	398.3934764657308
6.63906121E8	389.9250945775536
6.72153402E8	392.0481897627965
6.80400683E8	420.5446094776195
6.87513812E8	402.82840709378496
6.90580999E8	0.0
6.91715151E8	419.74404598959757
6.96895245E8	419.98682888715257
7.05142526E8	412.25807860262006
7.13389807E8	387.3153814769482
7.21637088E8	427.3953488372093
7.29884369E8	405.55172413793105
7.3813165E8	385.12472231037765
7.46378931E8	401.25350616234596
7.54626212E8	373.1025641025641
7.62873493E8	398.7020120428844
7.71120774E8	397.72566371681415
7.79368055E8	400.3567062207839
7.87615336E8	393.50761256883703
7.95862617E8	391.50395843641763
8.04109898E8	404.9428211057389
8.12357179E8	405.65904936014624
8.2060446E8	396.25650364203955
8.28851741E8	398.1073684210526
8.37099022E8	401.49070904645475
8.45346303E8	403.0531774777741
8.53593584E8	404.32603724273116
8.61840865E8	385.15411436541143
8.70088146E8	389.86798336798336
8.775425195E8	411.4105024424285
8.80978107E8	0.0
8.817710145E8	409.86697398748765
8.86582708E8	404.5416354088522
8.94829989E8	403.61785773779775
9.0307727E8	387.95412844036696
9.11324551E8	399.3013651877133
9.19571832E8	396.8051798561151
9.27819113E8	396.19117647058823
9.36066394E8	396.89478764478764
9.44313675E8	397.65189712248537
9.52560956E8	404.023670793882
9.60808237E8	405.14642952661137
9.69055518E8	389.35834470213734
9.77302799E8	385.8042804843706
9.8555008E8	378.93439865433135
9.93797361E8	394.83816651075773
1.002044642E9	404.4266666666667
1.010291923E9	400.89161228712396
1.018539204E9	428.73770428316936
1.026786485E9	405.5110583345703
1.035033766E9	408.8406867638251
1.043281047E9	396.6781033153431
1.051528328E9	392.335611907387
1.0591365945E9	425.32771569884596
1.062667565E9	0.0
1.0633065795E9	385.1117166212534
1.06802289E9	408.82551076753174
1.076270171E9	408.72621437173825
1.084517452E9	389.7582668187001
1.092764733E9	428.01863084922013
1.101012014E9	409.7045274655691
1.109259295E9	422.98911212704525
1.117506576E9	406.52054794520546
1.125753857E9	413.28932261768085
1.134001138E9	400.68589877108934
1.142248419E9	394.45698614318707
1.1504957E9	403.9369839932603
1.158742981E9	402.72363796133567
1.166990262E9	402.9362101313321
1.175237543E9	409.814538419016
1.183484824E9	386.75946275946274
1.191732105E9	398.0808850873931
1.199979386E9	401.6763039656183
1.208226667E9	400.9441319835021
1.216473948E9	403.58680701754383
1.224721229E9	392.2811960897067
1.231182379E9	395.1904153354633
1.2353060195E9	419.49393989706124
1.241215791E9	410.02584269662924
1.249463072E9	384.7760267430755
1.257710353E9	396.52555723143956
1.265957634E9	392.83616872523885
1.274204915E9	413.43847629487533
1.282452196E9	407.09779951100245
1.290699477E9	389.66901905434014
1.298946758E9	413.75873015873015
1.307194039E9	413.3360492845787
1.31544132E9	403.02016271666076
1.323688601E9	405.9383716296985
1.331935882E9	417.948987854251
1.340183163E9	393.6283422459893
1.348430444E9	396.90119498688426
1.356677725E9	404.65881147540983
1.364925006E9	415.37808469584644
1.373172287E9	405.6077447833066
1.381419568E9	428.0083322812776
1.389204535E9	401.2631122670134
1.3933281755E9	412.0026455026455
1.39791413E9	409.43053524422345
1.406161411E9	406.9150056412185
1.414408692E9	410.7130783858018
1.422655973E9	404.3882154365506
1.430903254E9	407.22026718800913
1.439150535E9	388.97492767598845
1.447397816E9	407.7513007284079
1.455645097E9	402.941006362059
1.463892378E9	387.0350294042444
1.472139659E9	418.0233091325946
1.48038694E9	379.6096510124946
1.488634221E9	400.522554395896
1.496881502E9	396.5242718446602
1.505128783E9	391.72278382581646
1.513376064E9	392.77172958735736
1.521623345E9	393.0594214229867
1.529870626E9	388.370796460177
1.535999382E9	437.14220930232557
1.5401230225E9	404.805316091954
1.546365188E9	401.2674949290061
1.554612469E9	388.9617914979757
1.56285975E9	404.72861736334403
1.571107031E9	428.56142009348247
1.579354312E9	417.28988235294116
1.587601593E9	0.0
1.595848874E9	437.6939393939394
1.604096155E9	414.88216560509557
1.612343436E9	392.76484716157205
1.620590717E9	404.6397894153505
1.628837998E9	418.0546250966246
1.637085279E9	397.8243357829282
1.64533256E9	403.4931951747603
1.653579841E9	409.5372518690384
1.661827122E9	408.2118565466069
1.670074403E9	413.2922784751494
1.675298629E9	432.31802249542244
1.6764192455E9	0.0
1.6764583035E9	0.0
1.676565753E9	0.0
1.6766737005E9	0.0
1.679569275E9	405.83832494036574
1.686568965E9	384.1847302504817
1.694816246E9	390.2779107725789
1.703063527E9	402.6672546504169
1.711310808E9	407.0919540229885
1.719558089E9	416.38465371200795
1.72780537E9	408.9007871676816
1.736052651E9	414.58827586206894
1.744299932E9	403.0804432292416
1.752547213E9	416.0055386319579
1.760794494E9	409.7833684210526
1.769041775E9	396.31765430830853
1.777289056E9	418.1158781074579
1.785536337E9	394.14023372287147
1.793783618E9	393.84956175298805
1.802030899E9	408.8254139184278
1.8083225935E9	415.01574939425404
1.812446234E9	431.90610984914673
1.818525461E9	426.2531770990393
1.826772742E9	402.06665090995034
1.835020023E9	383.8710875331565
1.843267304E9	404.8596098496962
1.851514585E9	398.26550522648085
1.859761866E9	423.0418192658206
1.868009147E9	422.38724746000236
1.876256428E9	429.91145515417196
1.884503709E9	413.53634732687476
1.89275099E9	413.2382566585956
1.900998271E9	406.3982061262481
1.909245552E9	409.3792820512821
1.917492833E9	391.8525629414961
1.925740114E9	418.41430646332606
1.933987395E9	411.23234706843346
1.9418441525E9	415.4343493552169
1.9456274275E9	432.7692307692308
1.946017951E9	401.0940860215054
1.950481957E9	419.08118121993033
1.958729238E9	401.64626344867696
1.966976519E9	380.296691277003
1.9752238E9	395.6025550035486
1.983471081E9	408.1919136480059
1.991718362E9	426.0338418564676
1.999965643E9	425.8475050186407
2.008212924E9	389.99600798403196
2.016460205E9	395.2977613562269
2.024707486E9	393.1025765678172
2.032954767E9	398.27804054054053
2.041202048E9	390.5980310012568
2.049449329E9	386.6602439700582
2.05769661E9	397.594800575832
2.065943891E9	403.96635550369507
2.074191172E9	412.6277707409753
2.0786338535E9	420.1932524415508
2.082757494E9	0.0
2.090685734E9	0.0
2.098933015E9	408.7267066933511
2.107180296E9	402.7733861974972
2.115427577E9	402.6896551724138
2.123674858E9	398.4906330749354
2.131922139E9	404.59958463136036
2.14016942E9	414.9170854271357
2.148416701E9	403.43091334894615
2.156663982E9	397.4127026308796
2.164911263E9	438.3634204275534
2.173158544E9	380.93135135135134
2.181405825E9	412.9145482388974
2.189423344E9	401.6281101895735
2.1935469845E9	0.0
2.197900387E9	0.0
2.206147668E9	0.0
2.214394949E9	429.6434188034188
2.22264223E9	405.2701165766278
2.230889511E9	405.86867088607596
2.239136792E9	412.2590147282885
2.247384073E9	391.70287727539636
2.255631354E9	404.0092814683492
2.263878635E9	409.4591506054921
2.272125916E9	409.2123165546564
2.280373197E9	402.823550337958
2.288620478E9	403.2098282842384
2.2965525295E9	420.30656631196473
2.300461795E9	0.0
2.300668236E9	433.5
2.3008708475E9	0.0
2.300979636E9	0.0
2.3010753705E9	0.0
2.301178399E9	426.0
2.301217234E9	0.0
2.3013234165E9	0.0
2.301431691E9	418.0
2.3053461205E9	0.0
2.313362321E9	0.0
2.321609602E9	411.549793753683
2.329856883E9	415.830464267084
2.338104164E9	417.9010934883263
2.346351445E9	423.73882676233734
2.354598726E9	393.59004170352586
2.362846007E9	400.41692695214107
2.371093288E9	407.17685305591675
2.379340569E9	422.3687988719395
2.38758785E9	420.36598065955866
2.395835131E9	417.44122108456577
2.4017017605E9	400.84916522740355
2.4036688735E9	394.2
2.406049525E9	433.0580966999232
2.412329693E9	407.6904116051421
2.420576974E9	399.1021990414435
2.428824255E9	415.9025110782866
2.437071536E9	427.88380191964666
2.445318817E9	0.0
2.453566098E9	403.61475667189956
2.461813379E9	411.10381919265166
2.47006066E9	428.2309068391358
2.478307941E9	414.8250919493257
2.486555222E9	404.8299376999495
2.4924551025E9	427.5704933364508
2.495167722E9	387.8448275862069
2.4975151225E9	424.3836069915254
2.503049784E9	426.9802730343404
2.511297065E9	416.28044335341815
2.519544346E9	416.2422502870264
2.527791627E9	421.5324796848067
2.536038908E9	423.94703432525023
2.544286189E9	423.1145189215929
2.55253347E9	410.5759674582234
2.560780751E9	410.96351163978693
2.569028032E9	425.9260233297985
2.5762566075E9	424.9928958683866
2.579454338E9	0.0
2.579687553E9	0.0
2.579884248E9	0.0
2.5806697385E9	397.51604278074865
2.585522594E9	400.6350430416069
2.593769875E9	395.7007722007722
2.602017156E9	393.07558000478355
2.610264437E9	402.73561643835615
2.618511718E9	389.9846625766871
2.626758999E9	416.216142107773
2.63500628E9	399.22458126916723
2.643253561E9	395.10420215786485
2.651500842E9	413.26754926108373
2.6579691455E9	414.7578872740163
2.662092786E9	425.52446386736347
2.667995404E9	425.1285322104568
2.676242685E9	423.0970464135021
2.684489966E9	417.9548049476689
2.692737247E9	424.5514023536731
2.700984528E9	422.9193596205159
2.709231809E9	424.4571400740308
2.716143437E9	428.73027222040014
2.7202670775E9	409.5465281058101
2.725726371E9	421.68503414264035
2.733973652E9	396.3263867606497
2.742220933E9	405.585022755482
2.750468214E9	416.72961224134934
2.758715495E9	404.68345156413534
2.766962776E9	414.2901016949153
2.775210057E9	418.00170173267327
2.7813546445E9	428.9913811079447
2.785478285E9	0.0
2.791704619E9	403.14194236926363
2.7999519E9	400.6965361445783
2.808199181E9	384.88898525585427
2.816446462E9	401.8093079814283
2.824693743E9	400.9987843176983
2.829451479E9	418.6784232365145
2.8335751195E9	0.0
2.841188305E9	368.3333333333333
2.849435586E9	423.0931116389549
2.857682867E9	415.4483762076592
2.865930148E9	408.6132040559544
2.874177429E9	406.3579898362507
2.879602556E9	436.0614951768489
2.8809794195E9	442.5217391304348
2.881075568E9	0.0
2.8811862255E9	0.0
2.8813586365E9	408.9807692307692
2.881462567E9	0.0
2.8815749325E9	0.0
2.8817178115E9	0.0
2.881819418E9	0.0
2.881906098E9	0.0
2.8842457205E9	402.5550641309155
2.890671991E9	410.6086711711712
2.898919272E9	396.44772117962464
2.907166553E9	419.1017441860465
2.915413834E9	402.0625730994152
2.923661115E9	399.9062937062937
2.931908396E9	423.6891835456254
2.940155677E9	421.4592183517417
2.948402958E9	422.0462356792144
2.956650239E9	422.49231603688304
2.96489752E9	407.2950963222417
2.973144801E9	428.0617760617761
2.981392082E9	424.02867764206053
2.989639363E9	406.29630642954857
2.997886644E9	405.31151832460733
3.006133925E9	408.2786333012512
3.014381206E9	413.0664517728738
3.022628487E9	410.1420074349442
3.030875768E9	418.4154329295648
3.036491697E9	431.651185770751
3.0406153375E9	409.2160454832596
3.04737033E9	407.3731629392971
3.055617611E9	421.1771812080537
3.063864892E9	401.38684210526316
3.072112173E9	0.0
3.080359454E9	0.0
3.088606735E9	0.0
3.093970888E9	415.98924731182797
3.0952300205E9	0.0
3.0952497775E9	0.0
3.095251997E9	0.0
3.0952540505E9	0.0
3.0952557575E9	0.0
3.0952672315E9	0.0
3.0952801775E9	0.0
3.095282986E9	0.0
3.0952843085E9	0.0
3.0952861685E9	0.0
3.0952878055E9	0.0
3.095294504E9	0.0
3.0953195485E9	0.0
3.095338983E9	0.0
3.0953408955E9	0.0
3.095343463E9	0.0
3.095345222E9	0.0
3.095346809E9	0.0
3.095349042E9	0.0
3.0953512725E9	0.0
3.095353364E9	0.0
3.095355108E9	0.0
3.095356321E9	0.0
3.0953577535E9	0.0
3.095359376E9	0.0
3.095556087E9	0.0
3.095752734E9	0.0
3.0957542375E9	0.0
3.0957570845E9	0.0
3.095805536E9	0.0
3.09590828E9	0.0
3.09596656E9	0.0
3.095969795E9	0.0
3.0959721615E9	0.0
3.0959744135E9	0.0
3.095976482E9	0.0
3.0959781075E9	0.0
3.095990102E9	0.0
3.0960705095E9	0.0
3.0961424095E9	0.0
3.09614931E9	0.0
3.096156554E9	0.0
3.096162411E9	0.0
3.096166714E9	0.0
3.09616929E9	0.0
3.096171731E9	0.0
3.0961743065E9	0.0
3.096175887E9	0.0
3.096222038E9	0.0
3.0962682935E9	0.0
3.096269694E9	0.0
3.0962711935E9	0.0
3.096273378E9	0.0
3.096275639E9	0.0
3.0962799385E9	0.0
3.096298978E9	0.0
3.0963367315E9	0.0
3.096361311E9	0.0
3.09636591E9	0.0
3.0963714185E9	0.0
3.0963777495E9	0.0
3.096382349E9	0.0
3.0963867675E9	0.0
3.0963904915E9	0.0
3.0963918375E9	0.0
3.0963930415E9	0.0
3.096395075E9	0.0
3.0963969485E9	0.0
3.0963981865E9	0.0
3.0963996145E9	0.0
3.0964008415E9	0.0
3.096401915E9	0.0
3.096403377E9	0.0
3.096405706E9	0.0
3.0964088985E9	0.0
3.0964148235E9	0.0
3.0964195075E9	0.0
3.096420554E9	0.0
3.0964217255E9	0.0
3.096423568E9	0.0
3.09642553E9	0.0
3.09642687E9	0.0
3.0964283815E9	0.0
3.0964299295E9	0.0
3.0964310225E9	0.0
3.0964324015E9	0.0
3.0964340375E9	0.0
3.0964356545E9	0.0
3.0964371835E9	0.0
3.0964386665E9	0.0
3.096439981E9	0.0
3.0964414315E9	0.0
3.0964428915E9	0.0
3.096445494E9	0.0
3.0964481695E9	0.0
3.0964500655E9	0.0
3.0964522185E9	0.0
3.096453769E9	0.0
3.0964556835E9	0.0
3.096458275E9	0.0
3.0964636735E9	0.0
3.0964714905E9	0.0
3.0965667595E9	0.0
3.0967478065E9	0.0
3.0969183065E9	0.0
3.097089054E9	0.0
3.0972576165E9	0.0
3.0973438365E9	0.0
3.09743346E9	435.6
3.0976209085E9	0.0
3.0978104735E9	360.6666666666667
3.097915655E9	0.0
3.0979698435E9	442.0
3.098102454E9	0.0
3.098248482E9	0.0
3.098374522E9	0.0
3.0985283265E9	0.0
3.0986781225E9	0.0
3.098767366E9	0.0
3.0988127105E9	0.0
3.098864278E9	0.0
3.098902735E9	0.0
3.0989608915E9	0.0
3.099036312E9	0.0
3.0991407965E9	0.0
3.099303025E9	0.0
3.0994846985E9	0.0
3.099653576E9	0.0
3.099967721E9	426.5676020408163
3.100340622E9	427.6478260869565
3.100728804E9	417.2128027681661
3.101515147E9	422.0669577874818
3.1022054085E9	398.7460815047022
3.1025331485E9	411.25555555555553
3.1027912175E9	431.6830985915493
3.1029573855E9	412.06451612903226
3.103062931E9	0.0
3.1031786555E9	439.9655172413793
3.10334208E9	0.0
3.103482767E9	0.0
3.1038287865E9	349.6517857142857
3.1041653075E9	408.1041666666667
3.1044847005E9	374.53973509933775
3.1048490495E9	430.5362776025237
3.10508024E9	427.1609756097561
3.105629184E9	368.4961439588689
3.1062829545E9	378.3191489361702
3.10667802E9	413.3333333333333
3.106949138E9	346.9047619047619
3.1071604535E9	431.5740740740741
3.107433246E9	437.5075187969925
3.107642847E9	0.0
3.107807231E9	435.1178895300907
3.108016786E9	0.0
3.1083486805E9	430.52425373134326
3.108735868E9	435.63065326633165
3.1090516455E9	407.31698113207545
3.109292268E9	428.0853658536585
3.1095754895E9	419.3009708737864
3.110268924E9	397.5732298739088
3.1108372965E9	0.0
3.111178416E9	413.39092872570194
3.111696332E9	377.7148936170213
3.112024148E9	417.5956678700361
3.1123518825E9	430.26379542395694
3.112689607E9	401.5263157894737
3.112942537E9	383.47159090909093
3.113198274E9	387.72222222222223
3.113375336E9	0.0
3.1136852375E9	425.5348837209302
3.1140417195E9	395.5913043478261
3.1144303125E9	326.75
3.1148938345E9	416.6196319018405
3.115306268E9	394.3488372093023
3.1157007715E9	416.44444444444446
3.116016147E9	182.0
3.116211793E9	276.0
3.1163825765E9	0.0
3.116618425E9	316.0
3.116824178E9	0.0
3.116974473E9	353.8349514563107
3.117223447E9	396.525
3.117423554E9	0.0
3.11752243E9	318.55555555555554
3.117654662E9	0.0
3.1179713535E9	409.68518518518516
3.1183238915E9	412.84615384615387
3.1185300955E9	399.135593220339
3.1186638935E9	432.5378787878788
3.1188122E9	402.5531914893617
3.1189417835E9	0.0
3.119031296E9	0.0
3.1192646035E9	112.5
3.119573191E9	0.0
3.11979312E9	0.0
3.1199932505E9	395.25
3.1202658475E9	399.60526315789474
3.120630526E9	432.7233704292528
3.1208975455E9	0.0
3.121056931E9	440.0047393364929
3.1212748515E9	450.14285714285717
3.122440861E9	408.13162393162395
3.123559647E9	0.0
3.123731843E9	385.89473684210526
3.123905589E9	0.0
3.124156243E9	0.0
3.124488596E9	382.86713286713285
3.1246848165E9	401.360248447205
3.1249839605E9	442.8256961579133
3.125478813E9	397.9039145907473
3.1258153425E9	421.6391304347826
3.1259283855E9	0.0
3.1260669835E9	413.96108949416345
3.126229539E9	229.0
3.1264622605E9	419.72727272727275
3.1268141995E9	0.0
3.1271087395E9	265.5
3.1273657625E9	388.8232558139535
3.127558334E9	430.6024844720497
3.12766468E9	0.0
3.127828692E9	396.5
3.128042349E9	0.0
3.128360835E9	0.0
3.128664108E9	352.4782608695652
3.128969306E9	385.71527777777777
3.1294982675E9	434.96866096866097
3.1301334265E9	436.37195767195766
3.1305637235E9	380.9642857142857
3.1308685615E9	415.36633663366337
3.132525107E9	414.45612903225805
3.135708871E9	424.49437052200614
3.1375838995E9	0.0
3.1377919885E9	0.0
3.1379456385E9	0.0
3.13807759E9	399.05128205128204
3.1381825785E9	410.6875
3.1383378E9	425.35714285714283
3.1385240455E9	440.3756371049949
3.1386262505E9	444.3709677419355
3.1387278365E9	0.0
3.138876827E9	0.0
3.1392287105E9	369.79245283018867
3.139683903E9	339.8333333333333
3.1400953865E9	398.6503267973856
3.1405015935E9	410.3638928067701
3.1406793795E9	0.0
3.140919565E9	0.0
3.1413571285E9	0.0
3.1417136825E9	428.13583815028903
3.141952908E9	0.0
3.1421298615E9	412.45652173913044
3.14226876E9	432.3933333333333
3.142455731E9	400.6412213740458
3.1426861345E9	391.93055555555554
3.1428269075E9	0.0
3.142876723E9	0.0
3.142986396E9	430.73540516990994
3.143306311E9	418.6029850746269
3.1436587875E9	434.8615664845173
3.1438552095E9	426.2116788321168
3.1440183465E9	437.4148936170213
3.1442055865E9	383.95762711864404
3.1444308725E9	411.1043256997456
3.1447233165E9	0.0
3.144946377E9	425.0982142857143
3.1451891185E9	425.2991150442478
3.145452005E9	339.0128205128205
3.145651126E9	393.73988439306356
3.145842373E9	0.0
3.146075901E9	396.46067415730334
3.1463176985E9	444.6243093922652
3.146431306E9	0.0
3.1465845315E9	373.9555555555556
3.146769566E9	426.4711779448622
3.146878665E9	377.74074074074076
3.1474567455E9	396.9642857142857
3.14807643E9	431.74242424242425
3.1484432145E9	400.2412935323383
3.148819422E9	0.0
3.148977379E9	434.0868571428571
3.1491170515E9	0.0
3.1493622605E9	0.0
3.14955241E9	413.0
3.149628021E9	414.69590643274853
3.149748357E9	0.0
3.1499742105E9	437.1644444444444
3.1502921685E9	418.5
3.1504971245E9	0.0
3.1507112895E9	324.10714285714283
3.1509737455E9	0.0
3.151061473E9	0.0
3.151082855E9	0.0
3.1511749635E9	0.0
3.1513110845E9	393.0
3.1514522965E9	396.03333333333336
3.1515644655E9	392.3626373626374
3.1517003225E9	349.76404494382024
3.152003074E9	296.0
3.152563988E9	428.793724042455
3.1532707765E9	437.9875147232038
3.1537483565E9	0.0
3.1539663695E9	415.11494252873564
3.156380446E9	409.0900943396226
3.158879927E9	399.8910891089109
3.159249488E9	377.0
3.16219797E9	415.14061709661104
3.1659520495E9	425.15751789976133
3.1671347315E9	428.64963503649636
3.167415562E9	438.1829268292683
3.1677021975E9	412.64453125
3.1684641165E9	401.36501901140684
3.169090285E9	442.5232558139535
3.169183024E9	440.3546160483175
3.1692563895E9	428.3492063492063
3.169526105E9	388.55
3.17072987E9	399.2501402131239
3.171828911E9	410.0042105263158
3.172098126E9	424.57065217391306
3.172271162E9	440.121875
3.1723950345E9	0.0
3.172647101E9	392.90221402214024
3.172955559E9	367.04545454545456
3.1731654725E9	437.0046511627907
3.173311788E9	443.4078812691914
3.1735272955E9	437.8891687657431
3.173934712E9	408.85777777777776
3.174390402E9	423.2300215982721
3.174700269E9	0.0
3.174882093E9	339.0
3.175026774E9	408.684
3.175158132E9	434.9591836734694
3.175275571E9	411.04282655246254
3.1754417695E9	433.8770186335404
3.17556393E9	429.8076923076923
3.175664622E9	0.0
3.1758185595E9	0.0
3.176002703E9	430.0194805194805
3.176220675E9	0.0
3.17653979E9	368.85185185185185
3.1767900185E9	0.0
3.1769496365E9	405.06115107913666
3.177107325E9	434.2383177570093
3.1773188075E9	442.22031200254696
3.177732267E9	425.4614609571788
3.178181544E9	423.7784765897973
3.1784531475E9	428.93227990970655
3.178707515E9	424.345298281092
3.1789749365E9	400.53333333333336
3.1791420025E9	383.7857142857143
3.179311171E9	377.6666666666667
3.1795419975E9	372.0
3.1798092875E9	351.75
3.180009459E9	369.3333333333333
3.1801782E9	430.0
3.180350655E9	386.1904761904762
3.180483934E9	347.2
3.180614404E9	410.35
3.1808065105E9	373.4
3.180968346E9	526.0
3.181104254E9	389.38461538461536
3.181262731E9	389.14285714285717
3.181414059E9	377.2857142857143
3.181629404E9	381.7142857142857
3.181944132E9	362.9145299145299
3.18238174E9	390.55
3.1828098585E9	384.50236966824644
3.1832143505E9	374.06796116504853
3.1837247395E9	385.14285714285717
3.184093866E9	423.0879120879121
3.1843949035E9	373.3333333333333
3.184831739E9	0.0
3.1851406715E9	434.206106870229
3.1852969175E9	447.1111111111111
3.185462257E9	435.812865497076
3.185626145E9	435.7073170731707
3.1857752395E9	433.09420289855075
3.185853968E9	0.0
3.1859106355E9	427.23409669211196
3.1860551575E9	0.0
3.186157877E9	0.0
3.186331841E9	419.1552901023891
3.1865114995E9	0.0
3.1865603165E9	390.7142857142857
3.1866288175E9	0.0
3.186733197E9	413.9259259259259
3.1870050445E9	426.10096153846155
3.187353668E9	461.45454545454544
3.1875080665E9	0.0
3.1878252635E9	430.7161716171617
3.1881593065E9	0.0
3.188616363E9	426.23853211009174
3.1891540955E9	0.0
3.1893095315E9	383.968992248062
3.1895373285E9	429.819332566168
3.189842686E9	427.5206349206349
3.1900255855E9	0.0
3.190172992E9	409.2
3.190356854E9	424.21123595505617
3.1905032075E9	423.3342736248237
3.1907416315E9	318.1304347826087
3.1909500505E9	0.0
3.1913364635E9	391.94637223974763
3.1917922925E9	0.0
3.192099638E9	426.28052805280527
3.1923953555E9	441.932
3.1925463925E9	0.0
3.192649956E9	341.75
3.192797212E9	379.1304347826087
3.1929693325E9	414.4594594594595
3.1931013355E9	377.72727272727275
3.193239551E9	0.0
3.193375081E9	0.0
3.193499288E9	0.0
3.193609535E9	418.95454545454544
3.19371265E9	373.1794871794872
3.193822626E9	365.75
3.1939716195E9	436.54907161803715
3.1941394915E9	0.0
3.194306856E9	339.2608695652174
3.194448025E9	0.0
3.1946146725E9	350.5
3.194817062E9	412.2916666666667
3.194994222E9	396.3185840707965
3.1952051725E9	0.0
3.1953858155E9	451.58620689655174
3.1955449885E9	390.24183006535947
3.195728859E9	401.03125
3.1959022755E9	397.3333333333333
3.1961046005E9	0.0
3.196402817E9	0.0
3.196646882E9	0.0
3.1969960915E9	399.87220447284346
3.197368812E9	0.0
3.1975305625E9	359.3636363636364
3.1976727865E9	0.0
3.1978357145E9	0.0
3.1980607345E9	0.0
3.1982458505E9	337.06666666666666
3.19839844E9	388.35593220338984
3.1985858165E9	357.7910447761194
3.1987250355E9	0.0
3.1988798255E9	0.0
3.1990755305E9	438.13235294117646
3.199551419E9	394.1619937694704
3.200357883E9	397.715
3.200821358E9	0.0
3.2009583325E9	0.0
3.201131416E9	0.0
3.2012840915E9	393.93333333333334
3.2036862245E9	429.43455219925806
3.2061103155E9	0.0
3.2062742935E9	0.0
3.2064127355E9	358.0
3.2069103435E9	414.775
3.207383086E9	0.0
3.2075135E9	0.0
3.2077051795E9	402.35632183908046
3.2079398385E9	427.5779220779221
3.2081340195E9	0.0
3.2082129955E9	396.53333333333336
3.2083384745E9	389.6927710843373
3.2085223505E9	397.5211267605634
3.208661025E9	372.56880733944956
3.2092764015E9	420.35289452815226
3.209967914E9	344.6190476190476
3.2101668585E9	0.0
3.2103350695E9	305.0
3.2105128665E9	0.0
3.2107270375E9	0.0
3.2110146235E9	442.35555555555555
3.2116535945E9	393.2042440318302
3.2122964625E9	427.37993920972644
3.2127588235E9	373.8837209302326
3.2131419755E9	0.0
3.213400089E9	0.0
3.213654064E9	425.7142857142857
3.2137391515E9	0.0
3.213836963E9	424.0657894736842
3.214069375E9	437.3325017818959
3.2142884175E9	430.9645390070922
3.2144360335E9	0.0
3.214553303E9	353.22222222222223
3.2146747215E9	401.0769230769231
3.2147903805E9	0.0
3.2150399375E9	392.2962962962963
3.2153491055E9	436.2369942196532
3.2155294805E9	0.0
3.2157751295E9	427.62835249042143
3.216024188E9	411.38461538461536
3.216223412E9	432.6842661034847
3.2163840345E9	416.2
3.2164725805E9	379.8
3.216654018E9	389.65846153846155
3.216904495E9	426.87
3.217083728E9	0.0
3.2172614305E9	434.9730392156863
3.217457634E9	440.28270042194094
3.217587192E9	0.0
3.21771413E9	0.0
3.217890871E9	427.1646341463415
3.218178663E9	420.4376947040498
3.2184028435E9	380.4189189189189
3.2184832905E9	0.0
3.218662762E9	350.5
3.2188664205E9	358.7647058823529
3.219020337E9	0.0
3.2191661015E9	354.21276595744683
3.2193022875E9	395.2802197802198
3.219454196E9	0.0
3.219584386E9	413.60714285714283
3.2196504835E9	0.0
3.2197743925E9	0.0
3.2199603875E9	337.0
3.2201024565E9	0.0
3.2202389395E9	0.0
3.220476963E9	349.3333333333333
3.220649063E9	330.25
3.2208287895E9	365.15384615384613
3.221745428E9	407.6338797814208
3.222591335E9	439.2037037037037
3.223357383E9	422.6457142857143
3.224272579E9	376.2916666666667
3.224599475E9	412.8
3.224731002E9	390.8333333333333
3.2249388235E9	382.0827067669173
3.225250778E9	424.70873786407765
3.2255215E9	403.2903225806452
3.225838345E9	364.2368421052632
3.2262481715E9	416.28125
3.226530708E9	431.47169811320754
3.2266297955E9	430.95588235294116
3.226778215E9	422.19085173501577
3.2282244935E9	394.0601877415792
3.2296505745E9	377.7190082644628
3.2297916415E9	371.14285714285717
3.230024323E9	378.6607142857143
3.230407847E9	384.90697674418607
3.2307018695E9	431.0173448965977
3.231867183E9	420.31893837156997
3.23330572E9	436.2195
3.233816353E9	416.20451527224435
3.233990591E9	407.6758620689655
3.234092339E9	418.7150837988827
3.2350699105E9	424.92508143322476
3.236092904E9	0.0
3.236322815E9	0.0
3.23649511E9	354.6
3.236594601E9	0.0
3.236729171E9	376.15555555555557
3.2368745E9	0.0
3.237075284E9	338.9230769230769
3.237302594E9	0.0
3.2374841275E9	431.08294930875576
3.2376355425E9	0.0
3.2377717935E9	0.0
3.237935542E9	426.27403846153845
3.238099315E9	418.83620689655174
3.2382141815E9	417.44375
3.238271533E9	436.1629392971246
3.238490846E9	427.4896551724138
3.2387687855E9	415.2957746478873
3.2389479085E9	381.14529914529913
3.2391198525E9	385.56
3.2392193625E9	418.030303030303
3.2393578215E9	406.3918918918919
3.2399685605E9	431.95626822157436
3.2405266115E9	0.0
3.2406501915E9	386.47945205479454
3.240738909E9	365.0
3.240859956E9	423.57755775577556
3.240983631E9	0.0
3.2410985115E9	0.0
3.241181883E9	0.0
3.2412542825E9	345.5
3.241426831E9	0.0
3.241564756E9	426.7959183673469
3.241660427E9	404.3082191780822
3.2417601175E9	423.1164383561644
3.2419314205E9	422.60069444444446
3.2421545085E9	0.0
3.242399707E9	420.2796052631579
3.2426836075E9	410.72072072072075
3.242866106E9	384.94871794871796
3.2429652335E9	469.1666666666667
3.243095101E9	441.6256983240223
3.243318941E9	440.5128205128205
3.2435334785E9	405.86486486486484
3.2436866875E9	428.6741573033708
3.2438748725E9	423.79245283018867
3.2440625605E9	0.0
3.2442246175E9	409.91803278688525
3.244495339E9	447.85
3.2452568215E9	398.54938271604937
3.245894509E9	359.8
3.247694351E9	433.8321472392638
3.2500919835E9	434.41735537190084
3.250850687E9	403.2
3.251014601E9	0.0
3.251242424E9	410.5822784810127
3.251455123E9	423.27372764786793
3.251615791E9	417.4146341463415
3.252009278E9	418.8148734177215
3.2523936445E9	395.60869565217394
3.2550725435E9	417.2243554580362
3.257664623E9	0.0
3.2577334835E9	360.2857142857143
3.257869521E9	377.030303030303
3.2581109705E9	445.3686868686869
3.2583179055E9	438.10714285714283
3.2590735355E9	424.199829205807
3.259872161E9	0.0
3.2600380465E9	435.55194805194805
3.2604816615E9	421.90809628008753
3.260883428E9	399.7241379310345
3.261057439E9	432.5416666666667
3.2612777135E9	404.1532258064516
3.261638883E9	0.0
3.2639200295E9	433.8653306613227
3.266222435E9	433.0020554984584
3.2666362345E9	413.83076923076925
3.2668601815E9	422.19695044472684
3.2675016395E9	425.5170068027211
3.268121843E9	435.01255230125525
3.2682916235E9	389.4718100890208
3.270712174E9	428.9194078947368
3.273596916E9	419.76013513513516
3.274156697E9	0.0
3.2742553725E9	386.80254777070064
3.276754094E9	434.71774472500863
3.2797011955E9	433.61785714285713
3.2803164755E9	404.06574394463667
3.2814081995E9	427.7757281553398
3.2837113935E9	434.93546416938113
3.28550629E9	425.29765886287623
3.286090435E9	392.807560137457
3.288419179E9	437.17059933931097
3.2908838135E9	441.34766355140187
3.2915960575E9	437.60808435852374
3.2921279835E9	413.5
3.292564599E9	434.6712898751734
3.2934962385E9	438.1366120218579
3.294154042E9	464.0
3.294363645E9	412.29411764705884
3.294527371E9	427.9491525423729
3.294691411E9	361.94444444444446
3.294879044E9	390.3333333333333
3.2950859195E9	393.29411764705884
3.2952684415E9	389.8
3.2954315565E9	399.3333333333333
3.295609155E9	509.5
3.2957867445E9	402.8666666666667
3.2959746815E9	374.5
3.296162611E9	431.44444444444446
3.2963402015E9	378.8333333333333
3.2965279255E9	394.5
3.296684947E9	391.4
3.296831853E9	423.1333333333333
3.297016206E9	393.53846153846155
3.2972563205E9	367.85714285714283
3.2974914E9	392.5238095238095
3.2976800435E9	340.45454545454544
3.297867821E9	366.1
3.298061309E9	364.6363636363636
3.2982467695E9	485.90909090909093
3.2984397095E9	373.6923076923077
3.298632844E9	504.2857142857143
3.298806803E9	409.75
3.298903778E9	0.0
