#Insert size (bp)	insert size
2.0	4.0
3.0	1.0
5.0	1.0
6.0	2.0
7.0	1.0
8.0	2.0
9.0	4.0
10.0	2.0
11.0	2.0
12.0	5.0
13.0	3.0
14.0	3.0
15.0	3.0
17.0	4.0
18.0	3.0
19.0	9.0
20.0	7.0
21.0	5.0
22.0	5.0
23.0	3.0
24.0	4.0
25.0	6.0
26.0	8.0
27.0	3.0
28.0	6.0
29.0	11.0
30.0	9.0
31.0	15.0
32.0	9.0
33.0	5.0
34.0	10.0
35.0	10.0
36.0	13.0
37.0	13.0
38.0	17.0
39.0	14.0
40.0	15.0
41.0	22.0
42.0	17.0
43.0	22.0
44.0	21.0
45.0	17.0
46.0	22.0
47.0	26.0
48.0	29.0
49.0	29.0
50.0	33.0
51.0	35.0
52.0	30.0
53.0	38.0
54.0	41.0
55.0	37.0
56.0	41.0
57.0	26.0
58.0	35.0
59.0	45.0
60.0	28.0
61.0	33.0
62.0	36.0
63.0	46.0
64.0	39.0
65.0	41.0
66.0	38.0
67.0	53.0
68.0	39.0
69.0	37.0
70.0	49.0
71.0	44.0
72.0	39.0
73.0	46.0
74.0	58.0
75.0	55.0
76.0	43.0
77.0	51.0
78.0	43.0
79.0	43.0
80.0	46.0
81.0	46.0
82.0	64.0
83.0	58.0
84.0	57.0
85.0	52.0
86.0	56.0
87.0	65.0
88.0	53.0
89.0	49.0
90.0	63.0
91.0	57.0
92.0	56.0
93.0	69.0
94.0	52.0
95.0	55.0
96.0	73.0
97.0	47.0
98.0	68.0
99.0	67.0
100.0	65.0
101.0	81.0
102.0	69.0
103.0	75.0
104.0	60.0
105.0	88.0
106.0	77.0
107.0	67.0
108.0	69.0
109.0	74.0
110.0	83.0
111.0	80.0
112.0	68.0
113.0	67.0
114.0	71.0
115.0	104.0
116.0	72.0
117.0	80.0
118.0	94.0
119.0	101.0
120.0	95.0
121.0	82.0
122.0	110.0
123.0	100.0
124.0	93.0
125.0	109.0
126.0	113.0
127.0	100.0
128.0	108.0
129.0	123.0
130.0	112.0
131.0	114.0
132.0	115.0
133.0	118.0
134.0	125.0
135.0	134.0
136.0	141.0
137.0	131.0
138.0	131.0
139.0	158.0
140.0	168.0
141.0	146.0
142.0	144.0
143.0	174.0
144.0	178.0
145.0	191.0
146.0	200.0
147.0	219.0
148.0	215.0
149.0	209.0
150.0	208.0
151.0	217.0
152.0	239.0
153.0	223.0
154.0	245.0
155.0	278.0
156.0	252.0
157.0	246.0
158.0	244.0
159.0	228.0
160.0	282.0
161.0	306.0
162.0	315.0
163.0	299.0
164.0	293.0
165.0	299.0
166.0	325.0
167.0	339.0
168.0	376.0
169.0	320.0
170.0	389.0
171.0	410.0
172.0	390.0
173.0	400.0
174.0	373.0
175.0	418.0
176.0	413.0
177.0	451.0
178.0	459.0
179.0	476.0
180.0	476.0
181.0	477.0
182.0	473.0
183.0	522.0
184.0	514.0
185.0	544.0
186.0	574.0
187.0	546.0
188.0	682.0
189.0	672.0
190.0	664.0
191.0	683.0
192.0	653.0
193.0	693.0
194.0	728.0
195.0	738.0
196.0	770.0
197.0	713.0
198.0	763.0
199.0	760.0
200.0	853.0
201.0	871.0
202.0	844.0
203.0	903.0
204.0	927.0
205.0	940.0
206.0	1011.0
207.0	1036.0
208.0	1035.0
209.0	1027.0
210.0	1095.0
211.0	1160.0
212.0	1052.0
213.0	1144.0
214.0	1155.0
215.0	1248.0
216.0	1225.0
217.0	1274.0
218.0	1310.0
219.0	1356.0
220.0	1416.0
221.0	1454.0
222.0	1473.0
223.0	1585.0
224.0	1551.0
225.0	1569.0
226.0	1640.0
227.0	1576.0
228.0	1628.0
229.0	1843.0
230.0	1779.0
231.0	1855.0
232.0	1793.0
233.0	1872.0
234.0	1950.0
235.0	1919.0
236.0	2039.0
237.0	2084.0
238.0	2123.0
239.0	2081.0
240.0	2242.0
241.0	2308.0
242.0	2325.0
243.0	2456.0
244.0	2472.0
245.0	2556.0
246.0	2539.0
247.0	2601.0
248.0	2802.0
249.0	2689.0
250.0	2872.0
251.0	2987.0
252.0	2920.0
253.0	2929.0
254.0	3244.0
255.0	3220.0
256.0	3193.0
257.0	3254.0
258.0	3405.0
259.0	3380.0
260.0	3506.0
261.0	3581.0
262.0	3661.0
263.0	3780.0
264.0	3811.0
265.0	3775.0
266.0	4013.0
267.0	4101.0
268.0	4122.0
269.0	4264.0
270.0	4467.0
271.0	4473.0
272.0	4465.0
273.0	4653.0
274.0	4724.0
275.0	4818.0
276.0	4782.0
277.0	4992.0
278.0	5062.0
279.0	5114.0
280.0	5176.0
281.0	5337.0
282.0	5653.0
283.0	5431.0
284.0	5878.0
285.0	5767.0
286.0	5919.0
287.0	6139.0
288.0	5979.0
289.0	6283.0
290.0	6385.0
291.0	6431.0
292.0	6710.0
293.0	6710.0
294.0	6933.0
295.0	6978.0
296.0	7127.0
297.0	7286.0
298.0	7353.0
299.0	7481.0
300.0	7595.0
301.0	7702.0
302.0	7772.0
303.0	8290.0
304.0	7979.0
305.0	8207.0
306.0	8272.0
307.0	8589.0
308.0	8701.0
309.0	8733.0
310.0	8988.0
311.0	9000.0
312.0	9283.0
313.0	9338.0
314.0	9680.0
315.0	9675.0
316.0	9628.0
317.0	9787.0
318.0	9789.0
319.0	10147.0
320.0	10168.0
321.0	10291.0
322.0	10457.0
323.0	10618.0
324.0	10865.0
325.0	10941.0
326.0	11161.0
327.0	11112.0
328.0	11307.0
329.0	11544.0
330.0	11455.0
331.0	11658.0
332.0	11546.0
333.0	11766.0
334.0	11997.0
335.0	12256.0
336.0	12305.0
337.0	12272.0
338.0	12452.0
339.0	12653.0
340.0	12634.0
341.0	12859.0
342.0	12787.0
343.0	13034.0
344.0	13051.0
345.0	13211.0
346.0	13151.0
347.0	13451.0
348.0	13389.0
349.0	13485.0
350.0	13297.0
351.0	13645.0
352.0	13841.0
353.0	13766.0
354.0	13903.0
355.0	14032.0
356.0	14358.0
357.0	14007.0
358.0	14171.0
359.0	14100.0
360.0	14511.0
361.0	14359.0
362.0	14336.0
363.0	14417.0
364.0	14402.0
365.0	14463.0
366.0	14588.0
367.0	14790.0
368.0	14712.0
369.0	14579.0
370.0	14565.0
371.0	14493.0
372.0	14665.0
373.0	14819.0
374.0	14710.0
375.0	14898.0
376.0	14961.0
377.0	14469.0
378.0	14707.0
379.0	14820.0
380.0	14956.0
381.0	14630.0
382.0	14443.0
383.0	14633.0
384.0	14519.0
385.0	14590.0
386.0	14764.0
387.0	14645.0
388.0	14926.0
389.0	14629.0
390.0	14644.0
391.0	14279.0
392.0	14325.0
393.0	14304.0
394.0	14372.0
395.0	14241.0
396.0	14341.0
397.0	14433.0
398.0	14135.0
399.0	14122.0
400.0	14161.0
401.0	14134.0
402.0	13908.0
403.0	13971.0
404.0	13839.0
405.0	13788.0
406.0	13941.0
407.0	13716.0
408.0	13610.0
409.0	13725.0
410.0	13470.0
411.0	13428.0
412.0	13080.0
413.0	13329.0
414.0	13234.0
415.0	13366.0
416.0	13094.0
417.0	13119.0
418.0	12940.0
419.0	12963.0
420.0	12926.0
421.0	12806.0
422.0	12859.0
423.0	12572.0
424.0	12522.0
425.0	12558.0
426.0	12413.0
427.0	12623.0
428.0	12545.0
429.0	12139.0
430.0	12103.0
431.0	12137.0
432.0	12376.0
433.0	11817.0
434.0	11987.0
435.0	11842.0
436.0	11556.0
437.0	11720.0
438.0	11547.0
439.0	11314.0
440.0	11489.0
441.0	11413.0
442.0	11392.0
443.0	11352.0
444.0	11119.0
445.0	11015.0
446.0	11128.0
447.0	10802.0
448.0	10722.0
449.0	10608.0
450.0	10699.0
451.0	10486.0
452.0	10561.0
453.0	10346.0
454.0	10431.0
455.0	10604.0
456.0	10325.0
457.0	10237.0
458.0	10292.0
459.0	9994.0
460.0	10061.0
461.0	9778.0
462.0	9887.0
463.0	9923.0
464.0	9688.0
465.0	9662.0
466.0	9682.0
467.0	9614.0
468.0	9523.0
469.0	9318.0
470.0	9363.0
471.0	9135.0
472.0	9166.0
473.0	9105.0
474.0	8903.0
475.0	8800.0
476.0	8922.0
477.0	8728.0
478.0	8692.0
479.0	8695.0
480.0	8605.0
481.0	8611.0
482.0	8639.0
483.0	8474.0
484.0	8323.0
485.0	8373.0
486.0	8376.0
487.0	8272.0
488.0	7948.0
489.0	8138.0
490.0	7823.0
491.0	8079.0
492.0	7904.0
493.0	7796.0
494.0	7718.0
495.0	7735.0
496.0	7628.0
497.0	7720.0
498.0	7460.0
499.0	7570.0
500.0	7310.0
501.0	7278.0
502.0	7295.0
503.0	7094.0
504.0	7203.0
505.0	7165.0
506.0	7006.0
507.0	6938.0
508.0	7025.0
509.0	7092.0
510.0	6899.0
511.0	6777.0
512.0	6569.0
513.0	6603.0
514.0	6542.0
515.0	6457.0
516.0	6531.0
517.0	6359.0
518.0	6500.0
519.0	6424.0
520.0	6217.0
521.0	6255.0
522.0	5966.0
523.0	6175.0
524.0	6046.0
525.0	6019.0
526.0	5884.0
527.0	5795.0
528.0	5641.0
529.0	5660.0
530.0	5726.0
531.0	5432.0
532.0	5549.0
533.0	5487.0
534.0	5582.0
535.0	5443.0
536.0	5319.0
537.0	5311.0
538.0	5264.0
539.0	5322.0
540.0	5100.0
541.0	5078.0
542.0	5003.0
543.0	5078.0
544.0	5007.0
545.0	4898.0
546.0	5059.0
547.0	4732.0
548.0	4870.0
549.0	4701.0
550.0	4577.0
551.0	4685.0
552.0	4674.0
553.0	4528.0
554.0	4452.0
555.0	4390.0
556.0	4296.0
557.0	4352.0
558.0	4432.0
559.0	4257.0
560.0	4059.0
561.0	4017.0
562.0	4084.0
563.0	3998.0
564.0	4058.0
565.0	3934.0
566.0	3978.0
567.0	3904.0
568.0	3800.0
569.0	4000.0
570.0	3838.0
571.0	3809.0
572.0	3716.0
573.0	3692.0
574.0	3527.0
575.0	3638.0
576.0	3514.0
577.0	3495.0
578.0	3488.0
579.0	3350.0
580.0	3296.0
581.0	3258.0
582.0	3317.0
583.0	3244.0
584.0	3168.0
585.0	3203.0
586.0	3154.0
587.0	3104.0
588.0	3082.0
589.0	2910.0
590.0	2998.0
591.0	2843.0
592.0	2814.0
593.0	2840.0
594.0	2802.0
595.0	2740.0
596.0	2700.0
597.0	2803.0
598.0	2650.0
599.0	2542.0
600.0	2636.0
601.0	2589.0
602.0	2523.0
603.0	2522.0
604.0	2473.0
605.0	2519.0
606.0	2525.0
607.0	2476.0
608.0	2337.0
609.0	2437.0
610.0	2303.0
611.0	2250.0
612.0	2378.0
613.0	2134.0
614.0	2241.0
615.0	2059.0
616.0	1987.0
617.0	2119.0
618.0	2007.0
619.0	1886.0
620.0	1992.0
621.0	1972.0
622.0	1845.0
623.0	1962.0
624.0	1908.0
625.0	1806.0
626.0	1833.0
627.0	1758.0
628.0	1852.0
629.0	1813.0
630.0	1679.0
631.0	1716.0
632.0	1667.0
633.0	1553.0
634.0	1671.0
635.0	1635.0
636.0	1542.0
637.0	1536.0
638.0	1526.0
639.0	1440.0
640.0	1564.0
641.0	1371.0
642.0	1459.0
643.0	1360.0
644.0	1322.0
645.0	1388.0
646.0	1391.0
647.0	1352.0
648.0	1312.0
649.0	1242.0
650.0	1295.0
651.0	1244.0
652.0	1215.0
653.0	1171.0
654.0	1183.0
655.0	1207.0
656.0	1174.0
657.0	1163.0
658.0	1155.0
659.0	1060.0
660.0	1086.0
661.0	1052.0
662.0	1059.0
663.0	1037.0
664.0	1035.0
665.0	992.0
666.0	952.0
667.0	943.0
668.0	958.0
669.0	889.0
670.0	1036.0
671.0	892.0
672.0	893.0
673.0	910.0
674.0	804.0
675.0	826.0
676.0	808.0
677.0	781.0
678.0	812.0
679.0	794.0
680.0	774.0
681.0	723.0
682.0	806.0
683.0	749.0
684.0	777.0
685.0	759.0
686.0	717.0
687.0	681.0
688.0	681.0
689.0	634.0
690.0	655.0
691.0	610.0
692.0	673.0
693.0	634.0
694.0	621.0
695.0	604.0
696.0	563.0
697.0	560.0
698.0	547.0
699.0	563.0
700.0	552.0
701.0	539.0
702.0	522.0
703.0	548.0
704.0	537.0
705.0	511.0
706.0	510.0
707.0	441.0
708.0	455.0
709.0	471.0
710.0	437.0
711.0	463.0
712.0	441.0
713.0	433.0
714.0	413.0
715.0	432.0
716.0	401.0
717.0	411.0
718.0	390.0
719.0	366.0
720.0	410.0
721.0	360.0
722.0	390.0
723.0	376.0
724.0	350.0
725.0	325.0
726.0	367.0
727.0	338.0
728.0	320.0
729.0	321.0
730.0	321.0
731.0	318.0
732.0	328.0
733.0	265.0
734.0	292.0
735.0	303.0
736.0	295.0
737.0	281.0
738.0	245.0
739.0	298.0
740.0	256.0
741.0	267.0
742.0	269.0
743.0	258.0
744.0	231.0
745.0	238.0
746.0	215.0
747.0	243.0
748.0	227.0
749.0	238.0
750.0	214.0
751.0	194.0
752.0	197.0
753.0	223.0
754.0	215.0
755.0	200.0
756.0	210.0
757.0	178.0
758.0	223.0
759.0	206.0
760.0	195.0
761.0	182.0
762.0	178.0
763.0	212.0
764.0	176.0
765.0	169.0
766.0	161.0
767.0	171.0
768.0	170.0
769.0	161.0
770.0	145.0
771.0	134.0
772.0	149.0
773.0	117.0
774.0	122.0
775.0	126.0
776.0	151.0
777.0	116.0
778.0	101.0
779.0	119.0
780.0	111.0
781.0	94.0
782.0	100.0
783.0	125.0
784.0	112.0
785.0	97.0
786.0	129.0
787.0	105.0
788.0	123.0
789.0	103.0
790.0	100.0
791.0	110.0
792.0	98.0
793.0	104.0
794.0	95.0
795.0	85.0
796.0	77.0
797.0	88.0
798.0	79.0
799.0	69.0
800.0	77.0
801.0	78.0
802.0	72.0
803.0	90.0
804.0	83.0
805.0	69.0
806.0	62.0
807.0	70.0
808.0	83.0
809.0	81.0
810.0	65.0
811.0	57.0
812.0	63.0
813.0	52.0
814.0	44.0
815.0	70.0
816.0	56.0
817.0	67.0
818.0	56.0
819.0	58.0
820.0	49.0
821.0	65.0
822.0	48.0
823.0	39.0
824.0	49.0
825.0	35.0
826.0	42.0
827.0	34.0
828.0	63.0
829.0	48.0
830.0	40.0
831.0	36.0
832.0	40.0
833.0	43.0
834.0	35.0
835.0	25.0
836.0	36.0
837.0	44.0
838.0	35.0
839.0	34.0
840.0	36.0
841.0	35.0
842.0	32.0
843.0	40.0
844.0	29.0
845.0	42.0
846.0	42.0
847.0	24.0
848.0	35.0
849.0	35.0
850.0	36.0
851.0	22.0
852.0	23.0
853.0	39.0
854.0	31.0
855.0	20.0
856.0	21.0
857.0	21.0
858.0	28.0
859.0	25.0
860.0	24.0
861.0	20.0
862.0	16.0
863.0	22.0
864.0	18.0
865.0	26.0
866.0	24.0
867.0	17.0
868.0	18.0
869.0	17.0
870.0	14.0
871.0	27.0
872.0	18.0
873.0	10.0
874.0	18.0
875.0	19.0
876.0	19.0
877.0	15.0
878.0	18.0
879.0	18.0
880.0	26.0
881.0	15.0
882.0	13.0
883.0	18.0
884.0	14.0
885.0	10.0
886.0	13.0
887.0	18.0
888.0	11.0
889.0	10.0
890.0	14.0
891.0	11.0
892.0	6.0
893.0	16.0
894.0	11.0
895.0	18.0
896.0	6.0
897.0	10.0
898.0	9.0
899.0	12.0
900.0	8.0
901.0	7.0
902.0	9.0
903.0	9.0
904.0	7.0
905.0	9.0
906.0	13.0
907.0	8.0
908.0	6.0
909.0	8.0
910.0	11.0
911.0	8.0
912.0	6.0
913.0	5.0
914.0	7.0
915.0	9.0
916.0	7.0
917.0	7.0
918.0	5.0
919.0	10.0
920.0	9.0
921.0	5.0
922.0	3.0
923.0	4.0
924.0	5.0
925.0	9.0
926.0	6.0
927.0	7.0
928.0	5.0
929.0	5.0
930.0	4.0
931.0	8.0
932.0	5.0
933.0	2.0
934.0	7.0
935.0	2.0
936.0	6.0
937.0	3.0
938.0	11.0
939.0	3.0
940.0	2.0
941.0	4.0
942.0	3.0
943.0	3.0
944.0	3.0
945.0	5.0
946.0	5.0
947.0	3.0
948.0	4.0
949.0	5.0
950.0	5.0
951.0	4.0
952.0	8.0
953.0	5.0
954.0	3.0
