#Position (bp)	mapping quality
4123641.0	55.219481040585826
1.2370922E7	55.69470628339406
2.0618203E7	52.117278950339056
2.8865484E7	59.08665962747011
3.7112765E7	59.21184608296632
4.5360046E7	59.45363343380495
5.3607327E7	59.98526287906792
6.1854608E7	59.980276687094054
7.0101889E7	59.90514319550683
7.834917E7	59.94499496662747
8.6596451E7	59.928648109606534
9.4843732E7	59.995035709317996
1.03091013E8	53.48372797937311
1.11338294E8	59.23202753880768
1.19585575E8	55.041033039429365
1.27832856E8	0.0
1.36080137E8	0.0
1.44327418E8	38.970947297827
1.52574699E8	52.228941965860294
1.6082198E8	58.93367303593145
1.69069261E8	59.95241418709563
1.77316542E8	59.98651487568929
1.85563823E8	59.87898459377748
1.93811104E8	53.36759367089689
2.02058385E8	59.26914948392017
2.10305666E8	57.93992856352248
2.18552947E8	57.92237380228654
2.26800228E8	58.98629871708712
2.35047509E8	59.38537052118448
2.4329479E8	50.91904664701186
2.481874265E8	51.90650350711174
2.4904395E8	0.0
2.491474935E8	0.0
2.492273505E8	0.0
2.493246215E8	0.0
2.493781395E8	0.0
2.494193325E8	0.0
2.49528459E8	0.0
2.49636853E8	0.6072151446600785
2.49678084E8	0.0
2.52682327E8	55.388200127779974
2.59789352E8	59.987879339295624
2.68036633E8	44.956113260863056
2.76283914E8	59.96856107630595
2.84531195E8	59.843726475085845
2.92778476E8	59.975621959825446
3.01025757E8	59.996060140758644
3.09273038E8	59.98874381303698
3.17520319E8	59.98129346853825
3.257676E8	54.346240379216006
3.34014881E8	47.253679677436885
3.42262162E8	49.63198689680969
3.50509443E8	52.67272905589756
3.58756724E8	44.74887193076929
3.67004005E8	58.27806936306194
3.75251286E8	59.52058067661344
3.83498567E8	49.456519787779776
3.91745848E8	59.986942808421034
3.99993129E8	55.86999296769044
4.0824041E8	59.96819229199222
4.16487691E8	59.04461433642086
4.24734972E8	58.13152504267455
4.32982253E8	59.993831566978294
4.41229534E8	55.512230888552224
4.49476815E8	59.967021568501245
4.57724096E8	50.65044910417022
4.65971377E8	59.97230077989402
4.74218658E8	59.95236572681418
4.82465939E8	57.58288377702435
4.892410255E8	56.6992981727264
4.91973207E8	0.0
4.92130842E8	0.0
4.93522301E8	59.99678966987105
4.98960501E8	59.93059683809432
5.07207782E8	58.043208503068186
5.15455063E8	59.89234477375665
5.23702344E8	55.23991363743258
5.31949625E8	59.678685392593785
5.40196906E8	58.57644144606305
5.48444187E8	59.98510515685149
5.56691468E8	57.024800832125464
5.64938749E8	58.338161191229176
5.7318603E8	59.676186989613655
5.81433311E8	60.0
5.89680592E8	59.67329106225693
5.97927873E8	59.982049826200395
6.06175154E8	58.80233546299709
6.14422435E8	59.930343999163014
6.22669716E8	59.43270250526974
6.30916997E8	59.995667253969835
6.39164278E8	59.83891221382147
6.47411559E8	58.17474075657031
6.5565884E8	59.982277430550305
6.63906121E8	59.82742618355603
6.72153402E8	59.717013972347054
6.80400683E8	58.869909567344166
6.87513812E8	56.60304913585741
6.90580999E8	0.0
6.91715151E8	58.96113335656584
6.96895245E8	35.01804824404625
7.05142526E8	58.56959442697812
7.13389807E8	58.5877683393492
7.21637088E8	59.979414445457174
7.29884369E8	59.80988690052805
7.3813165E8	59.96825681208602
7.46378931E8	59.98716203251711
7.54626212E8	59.98995911021297
7.62873493E8	56.725498280785594
7.71120774E8	59.964016100252344
7.79368055E8	59.824063003773475
7.87615336E8	59.95863407813718
7.95862617E8	59.78512452265155
8.04109898E8	59.996390915956326
8.12357179E8	59.91263374666438
8.2060446E8	59.99313795617783
8.28851741E8	59.93174796708134
8.37099022E8	59.94452891462809
8.45346303E8	50.955831263066194
8.53593584E8	58.91289396226046
8.61840865E8	59.98152264694946
8.70088146E8	59.531739228669046
8.775425195E8	57.97704725683768
8.80978107E8	0.0
8.817710145E8	54.985636785569454
8.86582708E8	58.09070830027335
8.94829989E8	39.70736091011174
9.0307727E8	48.65849018267792
9.11324551E8	57.03876939800372
9.19571832E8	59.99604361082703
9.27819113E8	59.94219361660316
9.36066394E8	59.98974019301956
9.44313675E8	59.98597801602222
9.52560956E8	53.413938023753545
9.60808237E8	59.96881591654031
9.69055518E8	59.998277419998246
9.77302799E8	59.982729657907896
9.8555008E8	59.971009535451635
9.93797361E8	59.98127499448331
1.002044642E9	59.98886470092522
1.010291923E9	59.99244729080039
1.018539204E9	46.401389947367285
1.026786485E9	59.9969596942321
1.035033766E9	59.989744088284965
1.043281047E9	59.952524127881624
1.051528328E9	59.970176779314905
1.0591365945E9	55.670066837151005
1.062667565E9	0.0
1.0633065795E9	59.77531951843845
1.06802289E9	57.95523202378642
1.076270171E9	56.85541569020423
1.084517452E9	59.98232108291633
1.092764733E9	31.110497286296766
1.101012014E9	59.98292809159383
1.109259295E9	59.96671818462898
1.117506576E9	59.93917866033204
1.125753857E9	53.3317441731854
1.134001138E9	59.61610859966722
1.142248419E9	56.410055948047834
1.1504957E9	55.454028845650484
1.158742981E9	59.982083191321394
1.166990262E9	59.755639872387896
1.175237543E9	59.5602729817134
1.183484824E9	59.736136818846326
1.191732105E9	55.378597774635764
1.199979386E9	59.304414628896104
1.208226667E9	59.995139036219015
1.216473948E9	59.75579781731965
1.224721229E9	56.205349077423264
1.231182379E9	51.28927084955552
1.2353060195E9	59.23554300590459
1.241215791E9	58.233970882186334
1.249463072E9	59.84305756324008
1.257710353E9	59.90371779633589
1.265957634E9	59.72437312479433
1.274204915E9	59.399350065315176
1.282452196E9	58.54719144901222
1.290699477E9	58.10599002601501
1.298946758E9	59.07969299295842
1.307194039E9	49.59118586331701
1.31544132E9	59.98476148773833
1.323688601E9	59.95636940587294
1.331935882E9	51.81406429900477
1.340183163E9	46.796994218425084
1.348430444E9	59.98561167745678
1.356677725E9	59.967191859133656
1.364925006E9	59.734881002570965
1.373172287E9	39.48167285441193
1.381419568E9	54.853777577897624
1.389204535E9	59.192673165327925
1.3933281755E9	55.954681146967374
1.39791413E9	15.055076327871008
1.406161411E9	23.737631280292437
1.414408692E9	59.96826177580406
1.422655973E9	59.984220046915844
1.430903254E9	58.353719573350446
1.439150535E9	59.96434751956584
1.447397816E9	59.96271385138439
1.455645097E9	59.99151079467862
1.463892378E9	59.874145442772175
1.472139659E9	59.986002489460354
1.48038694E9	59.983698353648315
1.488634221E9	59.99704162814162
1.496881502E9	59.86165658525207
1.505128783E9	59.99135901568811
1.513376064E9	56.587307487357
1.521623345E9	58.680428557155444
1.529870626E9	59.98202909937351
1.535999382E9	45.03063772163138
1.5401230225E9	55.951826556070955
1.546365188E9	59.7143875318734
1.554612469E9	59.83497370316217
1.56285975E9	58.408066953066104
1.571107031E9	59.41593387743781
1.579354312E9	42.50197275401449
1.587601593E9	0.0
1.595848874E9	3.4728709571540386
1.604096155E9	30.890663198502597
1.612343436E9	59.851854543604574
1.620590717E9	50.27822401021359
1.628837998E9	52.03188171461479
1.637085279E9	58.091122113599916
1.64533256E9	59.65824536469493
1.653579841E9	59.75434392439736
1.661827122E9	59.88319571549395
1.670074403E9	57.644793693500645
1.675298629E9	59.93487993657814
1.6764192455E9	0.0
1.6764583035E9	0.0
1.676565753E9	0.0
1.6766737005E9	0.0
1.679569275E9	58.86841142552893
1.686568965E9	59.98657769510917
1.694816246E9	59.97035955908546
1.703063527E9	57.99219002013178
1.711310808E9	58.94828533045097
1.719558089E9	46.615835922563626
1.72780537E9	55.76595754107439
1.736052651E9	59.96719816829164
1.744299932E9	59.90611557214213
1.752547213E9	53.52824161953898
1.760794494E9	52.035329840803
1.769041775E9	59.98170368406887
1.777289056E9	59.97251523569528
1.785536337E9	59.969034068069604
1.793783618E9	58.445895024103365
1.802030899E9	59.122585963469994
1.8083225935E9	58.011231873228134
1.812446234E9	42.38048987341181
1.818525461E9	58.04150462255106
1.826772742E9	58.24771169202953
1.835020023E9	59.88521153825812
1.843267304E9	59.97256549770508
1.851514585E9	59.982666904222555
1.859761866E9	55.45508101145685
1.868009147E9	56.33300813700848
1.876256428E9	59.94001985127254
1.884503709E9	58.92009219426928
1.89275099E9	59.99046604471711
1.900998271E9	52.54121465117547
1.909245552E9	59.652853804789615
1.917492833E9	59.392189521666396
1.925740114E9	56.81144675344349
1.933987395E9	59.50337839048389
1.9418441525E9	59.967000395546535
1.9456274275E9	0.4620123203285421
1.946017951E9	52.223827036798085
1.950481957E9	55.75714212550272
1.958729238E9	49.456505368225834
1.966976519E9	59.948508315994154
1.9752238E9	59.24758877820643
1.983471081E9	58.341486961223495
1.991718362E9	59.79091209843851
1.999965643E9	58.53707013180805
2.008212924E9	59.87741872077596
2.016460205E9	59.97547610692924
2.024707486E9	59.97811527609835
2.032954767E9	59.99304252438706
2.041202048E9	59.92201178457037
2.049449329E9	59.49887372259327
2.05769661E9	59.97077746169844
2.065943891E9	57.62476841608656
2.074191172E9	51.98310250797186
2.0786338535E9	59.96078119054572
2.082757494E9	0.0
2.090685734E9	0.0
2.098933015E9	59.46889683380242
2.107180296E9	59.51311142505784
2.115427577E9	59.98863039416189
2.123674858E9	59.80169830730985
2.131922139E9	59.714272293723994
2.14016942E9	43.91966158345519
2.148416701E9	59.991955887122934
2.156663982E9	59.733903287076004
2.164911263E9	59.92865354302713
2.173158544E9	59.98024851365712
2.181405825E9	59.98002047099536
2.189423344E9	57.93903706713586
2.1935469845E9	0.0
2.197900387E9	0.0
2.206147668E9	0.0
2.214394949E9	44.79111589596812
2.22264223E9	59.97483288570999
2.230889511E9	59.71026162825573
2.239136792E9	59.85604983662543
2.247384073E9	59.92047901519418
2.255631354E9	59.52153013894318
2.263878635E9	59.611964312618205
2.272125916E9	59.95647052170431
2.280373197E9	59.91090731126053
2.288620478E9	48.225987682305714
2.2965525295E9	56.117757344401085
2.300461795E9	0.0
2.300668236E9	21.098104265402842
2.3008708475E9	0.0
2.300979636E9	0.0
2.3010753705E9	0.0
2.301178399E9	10.533653846153847
2.301217234E9	0.0
2.3013234165E9	0.0
2.301431691E9	2.0689655172413794
2.3053461205E9	0.0
2.313362321E9	0.0
2.321609602E9	7.308492693442476
2.329856883E9	23.550299867678675
2.338104164E9	54.81585310033678
2.346351445E9	56.517097916092936
2.354598726E9	59.94660489503911
2.362846007E9	59.96111869668375
2.371093288E9	57.35220642109335
2.379340569E9	52.897018405293444
2.38758785E9	55.33022649887665
2.395835131E9	59.992638903083694
2.4017017605E9	58.31558588740733
2.4036688735E9	0.0
2.406049525E9	56.77159098305857
2.412329693E9	55.369264364347856
2.420576974E9	41.40559086071391
2.428824255E9	46.274858794383256
2.437071536E9	54.206050017720344
2.445318817E9	0.0
2.453566098E9	59.77530538650365
2.461813379E9	59.28325808517451
2.47006066E9	59.00345414030801
2.478307941E9	54.307533012303495
2.486555222E9	54.43766512577161
2.4924551025E9	59.55634715109759
2.495167722E9	0.0
2.4975151225E9	44.69591868698289
2.503049784E9	54.85803337187112
2.511297065E9	51.861376623107866
2.519544346E9	55.90755624559465
2.527791627E9	57.49075358961607
2.536038908E9	48.599195697465966
2.544286189E9	57.48880212500225
2.55253347E9	59.397042435070034
2.560780751E9	58.46620161812931
2.569028032E9	59.337999421546506
2.5762566075E9	55.50366165378404
2.579454338E9	0.0
2.579687553E9	0.0
2.579884248E9	0.0
2.5806697385E9	57.66179295497392
2.585522594E9	59.98240017273575
2.593769875E9	58.587513477024274
2.602017156E9	57.5055134365489
2.610264437E9	59.91469477952111
2.618511718E9	59.97931033479402
2.626758999E9	41.12220643001505
2.63500628E9	59.90339017750259
2.643253561E9	59.91589379330485
2.651500842E9	56.21930229423562
2.6579691455E9	53.33306851847911
2.662092786E9	57.793106929172104
2.667995404E9	55.49142964062619
2.676242685E9	57.12351210630657
2.684489966E9	52.94157576750525
2.692737247E9	58.50156224322263
2.700984528E9	54.717704346560794
2.709231809E9	59.223027488008
2.716143437E9	56.55308722970768
2.7202670775E9	59.694698070220156
2.725726371E9	59.99038735672494
2.733973652E9	57.66906719422805
2.742220933E9	59.93630263614907
2.750468214E9	59.96757068387748
2.758715495E9	58.55578150563403
2.766962776E9	59.98544245147297
2.775210057E9	59.96513936102076
2.7813546445E9	58.264518464313625
2.785478285E9	0.0
2.791704619E9	17.693273345302554
2.7999519E9	58.867726007630665
2.808199181E9	56.500769921909985
2.816446462E9	55.49149651070733
2.824693743E9	54.7508285516506
2.829451479E9	50.67393885183885
2.8335751195E9	0.0
2.841188305E9	0.0
2.849435586E9	52.138175650597695
2.857682867E9	57.83697140056018
2.865930148E9	58.95189670041176
2.874177429E9	58.28006268267963
2.879602556E9	57.91903213288194
2.8809794195E9	0.0
2.881075568E9	0.0
2.8811862255E9	0.0
2.8813586365E9	0.06606682187126407
2.881462567E9	0.0
2.8815749325E9	0.0
2.8817178115E9	0.0
2.881819418E9	0.0
2.881906098E9	0.0
2.8842457205E9	32.06866029897176
2.890671991E9	56.71273050681264
2.898919272E9	59.97049134030912
2.907166553E9	58.9978536993418
2.915413834E9	59.39730547855926
2.923661115E9	59.97216156527997
2.931908396E9	51.26193429456074
2.940155677E9	57.16149927384309
2.948402958E9	59.98845372277013
2.956650239E9	55.40800879299055
2.96489752E9	58.73225501412594
2.973144801E9	52.583048772630626
2.981392082E9	51.748522574322
2.989639363E9	59.70009018282518
2.997886644E9	57.695048766561406
3.006133925E9	48.47445774373788
3.014381206E9	58.28610437242976
3.022628487E9	58.560637247851126
3.030875768E9	42.560615214292305
3.036491697E9	52.499725800727596
3.0406153375E9	17.412821981258535
3.04737033E9	41.20313779569322
3.055617611E9	27.634201712029565
3.063864892E9	2.329761705942848
3.072112173E9	0.0
3.080359454E9	0.0
3.088606735E9	0.0
3.093970888E9	0.0
3.0952300205E9	0.0
3.0952497775E9	0.0
3.095251997E9	0.0
3.0952540505E9	0.0
3.0952557575E9	0.0
3.0952672315E9	0.0
3.0952801775E9	0.0
3.095282986E9	0.0
3.0952843085E9	0.0
3.0952861685E9	0.0
3.0952878055E9	0.0
3.095294504E9	0.0
3.0953195485E9	0.0
3.095338983E9	0.0
3.0953408955E9	0.0
3.095343463E9	0.0
3.095345222E9	0.0
3.095346809E9	0.0
3.095349042E9	0.0
3.0953512725E9	0.0
3.095353364E9	0.0
3.095355108E9	0.0
3.095356321E9	0.0
3.0953577535E9	0.0
3.095359376E9	0.0
3.095556087E9	27.0
3.095752734E9	0.0
3.0957542375E9	0.0
3.0957570845E9	0.0
3.095805536E9	0.0
3.09590828E9	0.0
3.09596656E9	0.0
3.095969795E9	0.0
3.0959721615E9	0.0
3.0959744135E9	0.0
3.095976482E9	0.0
3.0959781075E9	0.0
3.095990102E9	0.0
3.0960705095E9	0.0
3.0961424095E9	0.0
3.09614931E9	0.0
3.096156554E9	0.0
3.096162411E9	0.0
3.096166714E9	0.0
3.09616929E9	0.0
3.096171731E9	0.0
3.0961743065E9	0.0
3.096175887E9	0.0
3.096222038E9	0.0
3.0962682935E9	0.0
3.096269694E9	0.0
3.0962711935E9	0.0
3.096273378E9	0.0
3.096275639E9	0.0
3.0962799385E9	0.0
3.096298978E9	0.0
3.0963367315E9	0.0
3.096361311E9	0.0
3.09636591E9	0.0
3.0963714185E9	0.0
3.0963777495E9	0.0
3.096382349E9	0.0
3.0963867675E9	0.0
3.0963904915E9	0.0
3.0963918375E9	0.0
3.0963930415E9	0.0
3.096395075E9	0.0
3.0963969485E9	0.0
3.0963981865E9	0.0
3.0963996145E9	0.0
3.0964008415E9	0.0
3.096401915E9	0.0
3.096403377E9	0.0
3.096405706E9	0.0
3.0964088985E9	0.0
3.0964148235E9	0.0
3.0964195075E9	0.0
3.096420554E9	0.0
3.0964217255E9	0.0
3.096423568E9	0.0
3.09642553E9	0.0
3.09642687E9	0.0
3.0964283815E9	0.0
3.0964299295E9	0.0
3.0964310225E9	0.0
3.0964324015E9	0.0
3.0964340375E9	0.0
3.0964356545E9	0.0
3.0964371835E9	0.0
3.0964386665E9	0.0
3.096439981E9	0.0
3.0964414315E9	0.0
3.0964428915E9	0.0
3.096445494E9	0.0
3.0964481695E9	0.0
3.0964500655E9	0.0
3.0964522185E9	0.0
3.096453769E9	0.0
3.0964556835E9	0.0
3.096458275E9	0.0
3.0964636735E9	0.0
3.0964714905E9	0.0
3.0965667595E9	0.0
3.0967478065E9	0.0
3.0969183065E9	0.0
3.097089054E9	0.0
3.0972576165E9	0.0
3.0973438365E9	0.0
3.09743346E9	0.0
3.0976209085E9	0.0
3.0978104735E9	0.0
3.097915655E9	0.0
3.0979698435E9	3.5
3.098102454E9	0.0
3.098248482E9	0.0
3.098374522E9	0.0
3.0985283265E9	0.0
3.0986781225E9	0.0
3.098767366E9	0.0
3.0988127105E9	0.0
3.098864278E9	0.0
3.098902735E9	0.0
3.0989608915E9	0.0
3.099036312E9	0.0
3.0991407965E9	0.0
3.099303025E9	0.0
3.0994846985E9	0.0
3.099653576E9	0.0
3.099967721E9	1.4694277568475715
3.100340622E9	0.0
3.100728804E9	3.3942289514840085
3.101515147E9	4.304371934004523
3.1022054085E9	0.0
3.1025331485E9	0.0
3.1027912175E9	0.0
3.1029573855E9	0.0
3.103062931E9	0.0
3.1031786555E9	31.915509846423465
3.10334208E9	0.0
3.103482767E9	0.0
3.1038287865E9	0.8140303262729365
3.1041653075E9	0.0
3.1044847005E9	1.2857656323178634
3.1048490495E9	0.9404175446920747
3.10508024E9	7.117134653754441
3.105629184E9	2.301572998995958
3.1062829545E9	0.0
3.10667802E9	0.0
3.106949138E9	0.0
3.1071604535E9	5.67411627978731
3.107433246E9	7.469841091161516
3.107642847E9	0.0
3.107807231E9	0.6879998684827013
3.108016786E9	0.0
3.1083486805E9	0.37034386851299345
3.108735868E9	9.725094566929798
3.1090516455E9	0.0
3.109292268E9	0.0
3.1095754895E9	4.023812416474304
3.110268924E9	0.0
3.1108372965E9	0.0
3.111178416E9	4.785512598521371
3.111696332E9	1.454437518551499
3.112024148E9	2.5343875230152713
3.1123518825E9	0.0
3.112689607E9	0.0
3.112942537E9	0.0
3.113198274E9	0.0
3.113375336E9	0.0
3.1136852375E9	0.0
3.1140417195E9	0.0
3.1144303125E9	0.0
3.1148938345E9	0.0
3.115306268E9	0.0
3.1157007715E9	1.9444444444444444
3.116016147E9	60.0
3.116211793E9	0.0
3.1163825765E9	0.0
3.116618425E9	40.0
3.116824178E9	0.0
3.116974473E9	0.0
3.117223447E9	1.0062111801242235
3.117423554E9	0.0
3.11752243E9	0.0
3.117654662E9	0.0
3.1179713535E9	0.0
3.1183238915E9	0.0
3.1185300955E9	0.0
3.1186638935E9	0.0
3.1188122E9	1.1545862732520846
3.1189417835E9	0.0
3.119031296E9	0.0
3.1192646035E9	0.0
3.119573191E9	0.0
3.11979312E9	0.0
3.1199932505E9	0.0
3.1202658475E9	0.2848602074907684
3.120630526E9	0.0
3.1208975455E9	0.0
3.121056931E9	2.0181802185145488
3.1212748515E9	0.0
3.122440861E9	1.1175143105633842
3.123559647E9	0.0
3.123731843E9	2.6315789473684212
3.123905589E9	0.0
3.124156243E9	0.0
3.124488596E9	6.138691234114798
3.1246848165E9	2.4489164086687305
3.1249839605E9	0.18077595797551296
3.125478813E9	2.853861273592725
3.1258153425E9	0.0
3.1259283855E9	0.0
3.1260669835E9	2.533895556276354
3.126229539E9	0.0
3.1264622605E9	1.7044532222282345
3.1268141995E9	0.0
3.1271087395E9	60.0
3.1273657625E9	0.0
3.127558334E9	0.0
3.12766468E9	0.0
3.127828692E9	0.0
3.128042349E9	0.0
3.128360835E9	0.0
3.128664108E9	0.0
3.128969306E9	3.8132944363409043
3.1294982675E9	3.9968265294625756
3.1301334265E9	8.32579899019961
3.1305637235E9	0.0
3.1308685615E9	0.0
3.132525107E9	5.979140581692254
3.135708871E9	11.609539697671252
3.1375838995E9	0.0
3.1377919885E9	0.0
3.1379456385E9	0.0
3.13807759E9	0.0
3.1381825785E9	5.507692307692308
3.1383378E9	0.0
3.1385240455E9	2.5577783748121043
3.1386262505E9	0.0
3.1387278365E9	0.0
3.138876827E9	0.0
3.1392287105E9	0.5169334878912246
3.139683903E9	0.0
3.1400953865E9	0.6042640519895109
3.1405015935E9	0.08021653774164646
3.1406793795E9	0.0
3.140919565E9	0.0
3.1413571285E9	0.0
3.1417136825E9	15.012110560485574
3.141952908E9	0.0
3.1421298615E9	0.0
3.14226876E9	0.0
3.142455731E9	9.8328344579169
3.1426861345E9	0.0
3.1428269075E9	0.0
3.142876723E9	0.0
3.142986396E9	10.790557350710701
3.143306311E9	0.0
3.1436587875E9	1.2139918945686319
3.1438552095E9	0.0
3.1440183465E9	5.272486772486772
3.1442055865E9	0.0
3.1444308725E9	0.0
3.1447233165E9	0.0
3.144946377E9	10.852678571428571
3.1451891185E9	3.312534247786046
3.145452005E9	10.4555750245737
3.145651126E9	0.0
3.145842373E9	0.0
3.146075901E9	0.0
3.1463176985E9	0.0
3.146431306E9	0.0
3.1465845315E9	0.0
3.146769566E9	0.5364623496800817
3.146878665E9	0.0
3.1474567455E9	0.0
3.14807643E9	0.0
3.1484432145E9	0.0
3.148819422E9	0.0
3.148977379E9	4.123367845460812
3.1491170515E9	0.0
3.1493622605E9	0.0
3.14955241E9	7.312128311407461
3.149628021E9	0.0
3.149748357E9	0.0
3.1499742105E9	0.0
3.1502921685E9	0.0
3.1504971245E9	0.0
3.1507112895E9	32.535714285714285
3.1509737455E9	0.0
3.151061473E9	0.0
3.151082855E9	0.0
3.1511749635E9	0.0
3.1513110845E9	0.0
3.1514522965E9	48.303626832138654
3.1515644655E9	2.5723263625528228
3.1517003225E9	6.400961646820179
3.152003074E9	0.0
3.152563988E9	0.6429755684592927
3.1532707765E9	0.0
3.1537483565E9	0.0
3.1539663695E9	0.0
3.156380446E9	0.6750058656989567
3.158879927E9	0.0
3.159249488E9	0.0
3.16219797E9	9.42808935799381
3.1659520495E9	0.4637520313924452
3.1671347315E9	0.036373335919881664
3.167415562E9	17.473875626199845
3.1677021975E9	0.0
3.1684641165E9	2.632793323514973
3.169090285E9	0.0
3.169183024E9	0.3045973549935897
3.1692563895E9	2.3730422401518747
3.169526105E9	3.10907729428405
3.17072987E9	1.074979052786977
3.171828911E9	0.0
3.172098126E9	2.4444444444444446
3.172271162E9	6.1602852270965744
3.1723950345E9	0.0
3.172647101E9	0.0
3.172955559E9	6.663029925187033
3.1731654725E9	0.0
3.173311788E9	0.7993634586435436
3.1735272955E9	0.0
3.173934712E9	2.798678792546731
3.174390402E9	8.554689290612687
3.174700269E9	0.0
3.174882093E9	0.0
3.175026774E9	0.32142431978412983
3.175158132E9	0.0
3.175275571E9	0.0
3.1754417695E9	5.574405913292561
3.17556393E9	0.0
3.175664622E9	0.0
3.1758185595E9	0.0
3.176002703E9	0.0
3.176220675E9	0.0
3.17653979E9	0.0
3.1767900185E9	0.0
3.1769496365E9	3.0107191674060574
3.177107325E9	7.603501568915185
3.1773188075E9	2.749223457442935
3.177732267E9	1.7894646744192682
3.178181544E9	0.9164141889021222
3.1784531475E9	0.0
3.178707515E9	8.497684119653536
3.1789749365E9	0.0
3.1791420025E9	0.0
3.179311171E9	0.0
3.1795419975E9	0.0
3.1798092875E9	0.0
3.180009459E9	0.0
3.1801782E9	0.0
3.180350655E9	0.0
3.180483934E9	0.0
3.180614404E9	0.0
3.1808065105E9	0.0
3.180968346E9	0.0
3.181104254E9	0.0
3.181262731E9	0.0
3.181414059E9	0.0
3.181629404E9	0.0
3.181944132E9	4.049113658584971
3.18238174E9	41.125
3.1828098585E9	0.0
3.1832143505E9	1.6711798839458414
3.1837247395E9	0.0
3.184093866E9	0.6575534627495964
3.1843949035E9	0.0
3.184831739E9	0.0
3.1851406715E9	0.9811320754716981
3.1852969175E9	0.0
3.185462257E9	0.0
3.185626145E9	0.0
3.1857752395E9	0.0
3.185853968E9	0.0
3.1859106355E9	2.4371988106223728
3.1860551575E9	0.0
3.186157877E9	0.0
3.186331841E9	0.0
3.1865114995E9	0.0
3.1865603165E9	7.096286872863163
3.1866288175E9	0.0
3.186733197E9	0.0
3.1870050445E9	4.889344722039711
3.187353668E9	14.727272727272727
3.1875080665E9	0.0
3.1878252635E9	3.719946059137604
3.1881593065E9	0.0
3.188616363E9	0.2576909422551936
3.1891540955E9	0.0
3.1893095315E9	53.11051310580381
3.1895373285E9	1.1301939058171746
3.189842686E9	5.958949426623685
3.1900255855E9	0.0
3.190172992E9	0.0
3.190356854E9	0.0
3.1905032075E9	0.026799945459760117
3.1907416315E9	0.0
3.1909500505E9	0.0
3.1913364635E9	0.0
3.1917922925E9	0.0
3.192099638E9	0.0
3.1923953555E9	0.0
3.1925463925E9	0.0
3.192649956E9	0.0
3.192797212E9	9.888026006862923
3.1929693325E9	0.7303218826075196
3.1931013355E9	0.0
3.193239551E9	0.0
3.193375081E9	0.0
3.193499288E9	0.0
3.193609535E9	13.8983256307296
3.19371265E9	0.0
3.193822626E9	6.16128910809081
3.1939716195E9	0.0
3.1941394915E9	0.0
3.194306856E9	9.389943486451239
3.194448025E9	0.0
3.1946146725E9	60.0
3.194817062E9	0.0
3.194994222E9	0.0
3.1952051725E9	0.0
3.1953858155E9	0.0
3.1955449885E9	12.0215196690692
3.195728859E9	0.0
3.1959022755E9	41.44444444444444
3.1961046005E9	0.0
3.196402817E9	0.0
3.196646882E9	0.0
3.1969960915E9	2.4749576862073
3.197368812E9	0.0
3.1975305625E9	0.0
3.1976727865E9	0.0
3.1978357145E9	0.0
3.1980607345E9	0.0
3.1982458505E9	0.0
3.19839844E9	8.42243351712239
3.1985858165E9	1.0023511941591388
3.1987250355E9	0.0
3.1988798255E9	0.0
3.1990755305E9	0.0
3.199551419E9	0.16803584764749813
3.200357883E9	0.0
3.200821358E9	0.0
3.2009583325E9	0.0
3.201131416E9	0.0
3.2012840915E9	0.0
3.2036862245E9	0.0158269864186871
3.2061103155E9	0.0
3.2062742935E9	0.0
3.2064127355E9	60.0
3.2069103435E9	0.4496502720106584
3.207383086E9	0.0
3.2075135E9	0.0
3.2077051795E9	0.0
3.2079398385E9	0.0
3.2081340195E9	0.0
3.2082129955E9	0.0
3.2083384745E9	9.875213947378896
3.2085223505E9	0.0
3.208661025E9	0.0
3.2092764015E9	9.62795950247699
3.209967914E9	0.0
3.2101668585E9	0.0
3.2103350695E9	0.0
3.2105128665E9	0.0
3.2107270375E9	0.0
3.2110146235E9	0.0
3.2116535945E9	7.466376670069688
3.2122964625E9	1.5697814558894423
3.2127588235E9	6.546586544418288
3.2131419755E9	0.0
3.213400089E9	0.0
3.213654064E9	0.0
3.2137391515E9	0.0
3.213836963E9	0.0
3.214069375E9	0.49784156329699875
3.2142884175E9	0.0
3.2144360335E9	0.0
3.214553303E9	0.0
3.2146747215E9	2.6198630136986303
3.2147903805E9	0.0
3.2150399375E9	2.0006586530545034
3.2153491055E9	1.7347725520431765
3.2155294805E9	0.0
3.2157751295E9	0.0
3.216024188E9	0.0
3.216223412E9	10.566421566041782
3.2163840345E9	0.0
3.2164725805E9	0.0
3.216654018E9	7.844362101692178
3.216904495E9	0.0
3.217083728E9	0.0
3.2172614305E9	18.245377409387416
3.217457634E9	26.759444742262225
3.217587192E9	0.0
3.21771413E9	0.0
3.217890871E9	0.0
3.218178663E9	4.525194198826544
3.2184028435E9	0.9019157551217744
3.2184832905E9	0.0
3.218662762E9	0.0
3.2188664205E9	0.0
3.219020337E9	0.0
3.2191661015E9	0.0
3.2193022875E9	0.0
3.219454196E9	0.0
3.219584386E9	4.660714285714286
3.2196504835E9	0.0
3.2197743925E9	0.0
3.2199603875E9	0.0
3.2201024565E9	0.0
3.2202389395E9	0.0
3.220476963E9	0.0
3.220649063E9	0.0
3.2208287895E9	5.2040348464007335
3.221745428E9	0.044254772916078974
3.222591335E9	0.0
3.223357383E9	6.131035909783488
3.224272579E9	0.0
3.224599475E9	2.8712239809822
3.224731002E9	5.685381891755185
3.2249388235E9	1.841713890099746
3.225250778E9	0.0
3.2255215E9	5.225244597355123
3.225838345E9	0.0
3.2262481715E9	5.744289687110925
3.226530708E9	0.8138763514222735
3.2266297955E9	0.0
3.226778215E9	1.6708183653669664
3.2282244935E9	2.584571679526357
3.2296505745E9	12.18504259501966
3.2297916415E9	0.0
3.230024323E9	10.12912430889959
3.230407847E9	0.0
3.2307018695E9	0.5311442292357038
3.231867183E9	0.9534880945454653
3.23330572E9	1.9350917137046741
3.233816353E9	10.551853995142524
3.233990591E9	7.6456557164112136
3.234092339E9	0.1338787653402752
3.2350699105E9	0.4409860826410616
3.236092904E9	0.0
3.236322815E9	0.0
3.23649511E9	38.9
3.236594601E9	0.0
3.236729171E9	15.631432883782074
3.2368745E9	0.0
3.237075284E9	0.0
3.237302594E9	0.0
3.2374841275E9	0.0
3.2376355425E9	0.0
3.2377717935E9	0.0
3.237935542E9	8.513704413340694
3.238099315E9	0.0
3.2382141815E9	1.0709469124197966
3.238271533E9	0.0
3.238490846E9	0.3377872301077257
3.2387687855E9	0.0
3.2389479085E9	0.0
3.2391198525E9	0.0
3.2392193625E9	0.0
3.2393578215E9	0.0
3.2399685605E9	0.045567067613772244
3.2405266115E9	0.0
3.2406501915E9	4.212835240378093
3.240738909E9	1.03307941145779
3.240859956E9	0.0
3.240983631E9	0.0
3.2410985115E9	0.0
3.241181883E9	0.0
3.2412542825E9	0.0
3.241426831E9	0.0
3.241564756E9	0.0
3.241660427E9	0.0
3.2417601175E9	0.0
3.2419314205E9	5.5526689528560045
3.2421545085E9	0.0
3.242399707E9	6.374587458745874
3.2426836075E9	9.382967247010878
3.242866106E9	9.056037358238825
3.2429652335E9	4.5
3.243095101E9	0.36883871688834247
3.243318941E9	0.0
3.2435334785E9	0.0
3.2436866875E9	0.0
3.2438748725E9	28.064032016008003
3.2440625605E9	0.0
3.2442246175E9	0.0
3.244495339E9	0.0
3.2452568215E9	0.0
3.245894509E9	6.317073170731708
3.247694351E9	1.487822230480363
3.2500919835E9	2.288500404664038
3.250850687E9	0.0
3.251014601E9	0.0
3.251242424E9	14.486297031375365
3.251455123E9	4.3542640268319195
3.251615791E9	10.095222675560736
3.252009278E9	2.1857429610524157
3.2523936445E9	0.0
3.2550725435E9	0.0
3.257664623E9	0.0
3.2577334835E9	0.0
3.257869521E9	2.231392327678435
3.2581109705E9	6.521465863285538
3.2583179055E9	0.0
3.2590735355E9	7.169472576054663
3.259872161E9	0.0
3.2600380465E9	0.0
3.2604816615E9	1.393715556977302
3.260883428E9	0.0
3.261057439E9	30.92825810103297
3.2612777135E9	0.303005745213528
3.261638883E9	0.0
3.2639200295E9	0.3958754581490512
3.266222435E9	0.7030513384621692
3.2666362345E9	0.7692307692307693
3.2668601815E9	1.4802120232486158
3.2675016395E9	0.0
3.268121843E9	10.120648100419343
3.2682916235E9	0.0
3.270712174E9	1.0253875166234276
3.273596916E9	0.0
3.274156697E9	0.0
3.2742553725E9	2.368071548351034
3.276754094E9	0.5397376720578905
3.2797011955E9	0.0
3.2803164755E9	1.7110566645048162
3.2814081995E9	0.0
3.2837113935E9	1.7670880671710822
3.28550629E9	0.0
3.286090435E9	1.1635715947067538
3.288419179E9	1.071864870677015
3.2908838135E9	4.379041877006729
3.2915960575E9	1.7801479987334499
3.2921279835E9	0.0
3.292564599E9	1.8583962908916267
3.2934962385E9	6.394518446354432
3.294154042E9	0.0
3.294363645E9	0.0
3.294527371E9	14.092436974789916
3.294691411E9	0.0
3.294879044E9	0.0
3.2950859195E9	0.0
3.2952684415E9	0.0
3.2954315565E9	0.0
3.295609155E9	0.0
3.2957867445E9	0.0
3.2959746815E9	0.0
3.296162611E9	0.0
3.2963402015E9	0.0
3.2965279255E9	0.0
3.296684947E9	0.0
3.296831853E9	0.0
3.297016206E9	0.0
3.2972563205E9	0.0
3.2974914E9	0.0
3.2976800435E9	0.0
3.297867821E9	0.0
3.298061309E9	0.0
3.2982467695E9	0.0
3.2984397095E9	0.0
3.298632844E9	0.0
3.298806803E9	0.0
3.298903778E9	0.0
