# Position (bp)	A	C	G	T	N
0.0	25.92814227349195	27.666516462388852	21.37289714011055	24.87886024993992	0.15358387406873347
1.0	25.565896956984425	24.522744699562388	25.241565975061974	24.620421000930502	0.04937136746070906
2.0	24.07599461660748	25.996989336834158	25.040629235809952	24.88317311403307	0.0032136967153316457
3.0	23.788988777573582	26.13514262950169	25.122240239584713	24.953463209474936	1.6514386507806276E-4
4.0	24.21187518235292	24.920320028624154	25.638910601143284	25.228879179408857	1.5008470780908744E-5
5.0	24.014262710950263	26.051306332479836	25.827676962529257	24.10669398347579	6.001056485994359E-5
6.0	24.064969525471593	25.242683930590886	26.06291833942434	24.62734311704376	0.002085087469419342
7.0	24.158472804837682	25.770563469826957	25.280364082981137	24.789249809261086	0.0013498330931380335
8.0	23.757451139375203	26.03450703602294	25.14694589323024	25.060885992600255	2.0993877135733362E-4
9.0	24.127039100198427	25.946897374254398	25.421793231248074	24.504255301604296	1.4992694809454093E-5
10.0	24.07536430357137	25.867000078846125	25.320713356563463	24.72314667387774	0.013775587141306346
11.0	24.030396846046948	26.07321514002981	25.39168118503455	24.492146891910203	0.012559936978492833
12.0	24.242459663962137	25.796586450915715	25.411310470338215	24.54958347064288	5.9944141052160546E-5
13.0	24.207717209949074	25.73920196709963	25.481477152770132	24.559811261525503	0.011792408655657921
14.0	24.042302545994332	25.991099799376176	25.49548060798711	24.471072100674174	4.494596820432317E-5
15.0	24.148503204268305	25.856582460344175	25.49920778977016	24.49567658588474	2.995973262137025E-5
16.0	24.055960270257152	25.848732562967434	25.55144250385093	24.53327497772721	0.010589685197267712
17.0	23.92795844828051	26.09775677027638	25.546699256250584	24.417221558249388	0.010363966943138963
18.0	23.964036222548447	26.007323758307287	25.59102891271705	24.426185049116324	0.011426057310887146
19.0	23.939759976054205	25.945414908952223	25.677192664069942	24.427959499983302	0.009672950940320139
20.0	23.792425007587088	26.134144539339005	25.74000514140434	24.33306598230393	3.593293656384407E-4
21.0	23.873997349269853	26.06265370334967	25.729987518842623	24.320696130302267	0.012665298235586226
22.0	23.900338822495275	25.928333817850202	25.81137613668106	24.359666800095926	2.8442287753918525E-4
23.0	23.74941473304043	26.204078247947226	25.83332435225467	24.200968399775352	0.012214266982321646
24.0	23.847195347411475	26.122540555685937	25.765552931935414	24.2645165886765	1.9457629066943824E-4
25.0	23.789796953782925	26.035817071327337	25.869827125609685	24.29319951569429	0.011359333585762969
26.0	23.667604684462066	26.213033000028734	25.917515491959502	24.19614508806712	0.005701735482573341
27.0	23.780020174688683	26.13481127418228	25.9034353385665	24.18099996842561	7.332441369275065E-4
28.0	23.758219606272892	26.11131710315533	25.918113523861507	24.20398539242083	0.008364374289439671
29.0	23.649251985021145	26.23636279848631	26.01039027727156	24.09786048025931	0.006134458961666514
30.0	23.753081986834232	26.142893476959905	25.953067025733095	24.149581089168162	0.0013764213046080192
31.0	23.727331738475893	26.128040493082327	26.050277354694906	24.088276571079444	0.006073842667428241
32.0	23.592825048782224	26.318780543117743	26.086328231818634	23.999523098031776	0.0025430782496201837
33.0	23.678881018628697	26.232318652646292	26.07352065892192	24.013903500302085	0.0013761695010024346
34.0	23.674090582745006	26.183857843723825	26.12205336843365	24.01649814526744	0.0035000598300825654
35.0	23.526773228117985	26.372837449165942	26.143910307704044	23.94671229455113	0.009766720460905449
36.0	23.683450917612035	26.23963023917079	26.08166468947999	23.9862506259097	0.009003527827481638
37.0	23.62118666310729	26.185537716301273	26.176504677663342	24.01620263917273	5.683037553661708E-4
38.0	23.472434681606526	26.41963038472691	26.14492906203608	23.95620152181153	0.006804349818951953
39.0	23.58358280220726	26.32380005583796	26.147239049127684	23.944824797557484	5.532952696095695E-4
40.0	23.53641513651891	26.270337276739486	26.210180582232468	23.980270757461454	0.0027962470476790026
41.0	23.40882797959675	26.47531108701734	26.219425670093678	23.893549393750583	0.0028858695416506485
42.0	23.544444878058115	26.371785446160807	26.169108434967143	23.914197722750707	4.635180632241629E-4
43.0	23.499568498668417	26.283350148827587	26.278625463422863	23.930755847994313	0.007700041086821178
44.0	23.38327425434361	26.511762048996612	26.274130399582685	23.829831578157325	0.0010017189197642582
45.0	23.49542141655765	26.434221640814805	26.217095869930855	23.846428704914967	0.006832367781723042
46.0	23.491484572304554	26.336628157041055	26.289580604029585	23.878075825346688	0.004230841278120705
47.0	23.36965166453786	26.50961612059109	26.301773131072494	23.81414534269053	0.004813741108033506
48.0	23.449889743128622	26.431227771666098	26.31000575688715	23.807875140577327	0.0010015877408052376
49.0	23.39606570335785	26.39665677167871	26.33154059551105	23.86766467620847	0.008072253243924658
50.0	23.295067335092142	26.55348457663073	26.364329554268913	23.78550412414453	0.0016144098636855092
51.0	23.423782038193064	26.492136062898343	26.304764222397147	23.77580492162371	0.003512754887736838
52.0	23.382548401427066	26.4406976765043	26.304899842931906	23.870284593993627	0.0015694851431041607
53.0	23.267946150301384	26.601827046548777	26.34325677766051	23.783591975846647	0.0033780496426815674
54.0	23.355772871162255	26.497696782400755	26.344851439139198	23.800124446540973	0.0015544607568161236
55.0	23.330689309909886	26.489228631201478	26.36207935328592	23.816268919751273	0.0017337858514405594
56.0	23.217836461834438	26.67035235543312	26.37766442715489	23.73377310505379	3.7365052376835817E-4
57.0	23.303755847494358	26.574123062667205	26.318238204127997	23.801401904078674	0.0024809816317685213
58.0	23.30707976518403	26.5340133883782	26.362739232706726	23.794986928015685	0.0011806857153617823
59.0	23.21090358513483	26.722329187612843	26.3589988995924	23.706572719785232	0.0011956078746919257
60.0	23.314012181516706	26.60278257464747	26.369882615969875	23.712874283489644	4.483443763044019E-4
61.0	23.26475744130126	26.572839343811506	26.41097413534149	23.74615362773244	0.0052754518133057956
62.0	23.156987684084537	26.729321999221987	26.444987859831908	23.666505614725	0.0021968421365679614
63.0	23.255541132618657	26.658439316016047	26.377127287715073	23.70322836337791	0.005663900272315543
64.0	23.25522522334038	26.598904892417035	26.40815771462046	23.73361747150897	0.004094698113151154
65.0	23.143853822534272	26.750589204720455	26.422553371389736	23.681449424932307	0.0015541764232333236
66.0	23.192386952733774	26.693037761874088	26.39557838327353	23.71379640657713	0.00520049554147171
67.0	23.226915962486075	26.6220611736745	26.42265002237099	23.727730254574993	6.425868934390683E-4
68.0	23.124496957310896	26.788336373382382	26.441851478037677	23.641863193907508	0.0034519973615382937
69.0	23.164528039214836	26.743306275650042	26.413796205568257	23.672870173181828	0.005499306385038419
70.0	23.161627026692614	26.67559199941899	26.44927070597001	23.70934099483339	0.004169273084996087
71.0	23.059297715143646	26.826182263989157	26.442565971736038	23.66884578732645	0.0031082618047076124
72.0	23.148583999887627	26.78878784102161	26.405860955624117	23.656184407426437	5.8279604021472E-4
73.0	23.13994605154288	26.700376856168678	26.450314953370047	23.70860002842224	7.621104961593367E-4
74.0	23.021349983390486	26.854852002010176	26.50913807023933	23.612537991547754	0.0021219528122524544
75.0	23.12471290183656	26.78304210334727	26.44665346276623	23.643350036954782	0.002241495095160433
76.0	23.078546145630803	26.7691894338549	26.48644787631518	23.665428019253504	3.8852494561771505E-4
77.0	22.997435134178765	26.90126432164649	26.49240103957461	23.604655611025038	0.004243893575103766
78.0	23.110742110711175	26.830508223832418	26.451067423814838	23.605455686852554	0.002226554789013013
79.0	23.061769255288006	26.80688517098834	26.488410073747488	23.639483559873753	0.003451940102413534
80.0	22.97728074923287	26.925406964702482	26.48035866869859	23.615444320545954	0.0015092968201058658
81.0	23.062130157619595	26.85860202624946	26.453020388468335	23.621585054463843	0.004662373198766085
82.0	23.001710013764693	26.863564572483856	26.455898964681783	23.674014560297223	0.0048118887724438375
83.0	22.919232353862864	27.00835679905052	26.48140368998683	23.588287360552517	0.002719796547263115
84.0	23.017776839955836	26.965814596985965	26.436586134196343	23.574397739981958	0.0054246888798958936
85.0	22.99986804195937	26.875967362278324	26.487191775980378	23.632414812715975	0.0045580070659570525
86.0	22.90450370638707	27.014691346622588	26.517128945088203	23.562570108416416	0.001105893485719478
87.0	22.978947001883476	26.95346575004061	26.476163034938683	23.58795705082576	0.003467162311467445
88.0	22.943040268433307	26.93779701943024	26.508805277801486	23.609684916363424	6.725179715483052E-4
89.0	22.85827569272597	27.103180996339354	26.489955275412058	23.539994625756258	0.008593409766357892
90.0	22.92907718848261	27.009534957300506	26.504757166387467	23.553462282450486	0.0031684053789360522
91.0	22.918214471627028	26.95876072179535	26.520271406338765	23.5983444446487	0.0044089555901596295
92.0	22.83281261769907	27.111738042372263	26.542418296668018	23.511910099731093	0.0011209435295552455
93.0	22.94623288203566	27.04030052766316	26.491174525814603	23.52009496262834	0.002197101858239999
94.0	22.856215306809695	26.987636377550395	26.526530266945315	23.62340021589033	0.0062178328042694995
95.0	22.78222238431534	27.181844760499445	26.538894774729098	23.486380790211914	0.010657290244199922
96.0	22.863838895011536	27.063837788899026	26.516192515594316	23.550106971543165	0.0060238289519569
97.0	22.86314204692979	27.076072754494017	26.53384157821186	23.52583748371251	0.0011061366518230102
98.0	22.78109445448134	27.182551486883987	26.548074505490625	23.485319806594017	0.002959746550026742
99.0	22.87217137853188	27.11441967984171	26.527371132895617	23.47786089560967	0.008176913121120264
100.0	22.840189680640073	27.069913679193597	26.554063781094396	23.532394557377707	0.0034383016942306343
101.0	22.72731485827972	27.22218501404974	26.583877154029278	23.46420112027163	0.002421853369635221
102.0	22.851217447972147	27.112789920089632	26.5580474068187	23.473355510475688	0.004589714643835901
103.0	22.807116691141093	27.163086403251857	26.536364633988445	23.489500216337795	0.003932055280810046
104.0	22.749207655428567	27.23859207718224	26.550428220414574	23.451111764317147	0.01066028265746942
105.0	22.831996574196488	27.146622057856483	26.556586014551893	23.461117160028024	0.003678193367110911
106.0	22.81534373520168	27.11205431591709	26.6198024862149	23.448552947686974	0.004246514979357302
107.0	22.72656380957337	27.233413946043765	26.588871139438456	23.435898839197904	0.015252265746506444
108.0	22.784699203832467	27.173863956169964	26.59630528737667	23.429325439348638	0.015806113272260225
109.0	22.76109961615005	27.17513475424212	26.607764213125552	23.447297946399782	0.00870347008249454
110.0	22.691142575303395	27.259894440951598	26.65062383686742	23.390278350225614	0.008060796651972787
111.0	22.747138129823064	27.230577704288223	26.588360008028282	23.423649512245973	0.010274645614461198
112.0	22.720440274806812	27.18160887082662	26.62516306446629	23.46367921297109	0.009108576929186124
113.0	22.64021774263872	27.29852456537402	26.64071671873558	23.413496076920097	0.007044896331583377
114.0	22.732087146799845	27.22161052524984	26.62999376702308	23.415396126100887	9.124348263509384E-4
115.0	22.740788066172655	27.222839441812763	26.64607029741375	23.38466270067137	0.005639493929466236
116.0	22.6749094009806	27.320954272272026	26.659785255079715	23.338756184855658	0.005594886811999087
117.0	22.732054633193542	27.23316230539438	26.665816912736258	23.368322849045402	6.432996304168821E-4
118.0	22.685737993034298	27.221284727713247	26.701542559565976	23.387589653990467	0.003845065696014492
119.0	22.632907036331876	27.31913174559832	26.695733164759616	23.339899229822585	0.012328823487605717
120.0	22.65846945557786	27.276889748239064	26.706285090450727	23.347701944879955	0.010653760852396632
121.0	22.69096563903917	27.2147153775408	26.724026215978654	23.37029276744138	0.0
122.0	22.583253930567835	27.318267684319046	26.77877284603506	23.301971797514494	0.017733741563565285
123.0	22.642359399874255	27.283864829678166	26.760811903139498	23.304373281602242	0.0085905857058341
124.0	22.646257723475262	27.264357858569667	26.767415218759833	23.3068223420334	0.01514685716184417
125.0	22.613944782965596	27.346328793484272	26.796325889593476	23.243325691410412	7.484254625119673E-5
126.0	22.618946751985803	27.281265428116093	26.807909494573046	23.27403447874262	0.01784384658243932
127.0	22.657413994643978	27.21676978686098	26.84713598930712	23.26927844608287	0.009401783105055645
128.0	22.575077930127893	27.300578225079576	26.883783047315042	23.23175716343318	0.008803634044311625
129.0	22.618345653908868	27.299780041416298	26.883999922138553	23.186689286414826	0.011185096121451877
130.0	22.617710398150543	27.22787615357096	26.93757318035398	23.20623805472749	0.010602213197030003
131.0	22.562409776913942	27.32124652867168	26.963641490990458	23.139702740625225	0.01299946279869748
132.0	22.628340938417168	27.276451350304914	26.942831188108062	23.139959754091056	0.012416769078800051
133.0	22.662527337547562	27.225501063542946	27.00576709907427	23.100122831720544	0.006081668114682884
134.0	22.590250352276517	27.32329471350024	27.02968350992352	23.05438945678257	0.0023819675171539113
135.0	22.67102154369593	27.27384827821389	27.006685292610968	23.048295054855238	1.4983062397113184E-4
136.0	22.690361072961597	27.19715343446763	27.053461515695748	23.052160810872575	0.006863166002453057
137.0	22.660731376358093	27.274119710341367	27.12077172761969	22.943702766288503	6.7441939234513E-4
138.0	22.753637634291753	27.21694652312235	27.08933048043378	22.93501909219337	0.005066269958742876
139.0	22.77246839655621	27.224248634944697	27.132715275787344	22.870402794750607	1.6489796114164555E-4
140.0	22.711613173402558	27.274345228982998	27.168789599291937	22.836720584502306	0.008531413820200678
141.0	22.808921044000712	27.19429570022523	27.17304569291445	22.81971850713675	0.004019055722857914
142.0	22.822803139364417	27.18127660646742	27.20605506276959	22.789850192333017	1.4999065558215723E-5
143.0	22.773160828548615	27.22151365327846	27.28255459256186	22.71897555632163	0.0037953692894318616
144.0	22.790311632989997	27.215044587156957	27.30970114992195	22.67421518621942	0.01072744371167752
145.0	22.929029451852173	27.035121379117612	27.40488488266733	22.630964286362893	0.0
146.0	22.859598257617968	27.182387846505467	27.41658818200394	22.535630385357816	0.005795328514802935
147.0	23.012913796391825	26.987341506013873	27.497105321253024	22.502609340764135	3.003557714112366E-5
148.0	22.715909560306272	27.060349456813583	27.63382513640682	22.589795680794897	1.2016567842913416E-4
149.0	22.717648423075236	27.068844417660497	27.574297907828115	22.63910410509347	1.0514634267974166E-4
