#Coverage	Number of genomic locations
0.0	3.209159728E9
1.0	1.0530426E7
2.0	9312004.0
3.0	7895326.0
4.0	6779890.0
5.0	5747347.0
6.0	4871563.0
7.0	4144267.0
8.0	3511301.0
9.0	3000081.0
10.0	2620509.0
11.0	2308084.0
12.0	2059121.0
13.0	1859096.0
14.0	1682881.0
15.0	1553425.0
16.0	1431599.0
17.0	1343758.0
18.0	1255409.0
19.0	1170738.0
20.0	1095044.0
21.0	1020836.0
22.0	955350.0
23.0	897536.0
24.0	838946.0
25.0	785934.0
26.0	741634.0
27.0	698712.0
28.0	659213.0
29.0	623014.0
30.0	592172.0
31.0	565798.0
32.0	536554.0
33.0	515527.0
34.0	492492.0
35.0	471847.0
36.0	447098.0
37.0	421677.0
38.0	397448.0
39.0	375096.0
40.0	351364.0
41.0	328058.0
42.0	305958.0
43.0	279905.0
44.0	255628.0
45.0	231960.0
46.0	209023.0
47.0	187647.0
48.0	168224.0
49.0	151368.0
50.0	136464.0
51.0	120849.0
52.0	105816.0
53.0	93184.0
54.0	81676.0
55.0	72032.0
56.0	62800.0
57.0	55049.0
58.0	47685.0
59.0	40907.0
60.0	35083.0
61.0	29622.0
62.0	24616.0
63.0	20556.0
64.0	17463.0
65.0	15151.0
66.0	12874.0
67.0	10638.0
68.0	9413.0
69.0	7910.0
70.0	6693.0
71.0	5557.0
72.0	4926.0
73.0	4097.0
74.0	3546.0
75.0	3201.0
76.0	2747.0
77.0	2401.0
78.0	2063.0
79.0	1992.0
80.0	1605.0
81.0	1386.0
82.0	1276.0
83.0	1288.0
84.0	1059.0
85.0	978.0
86.0	1029.0
87.0	1070.0
88.0	983.0
89.0	872.0
90.0	805.0
91.0	808.0
92.0	791.0
93.0	717.0
94.0	614.0
95.0	585.0
96.0	580.0
97.0	564.0
98.0	576.0
99.0	548.0
100.0	574.0
101.0	520.0
102.0	464.0
103.0	373.0
104.0	393.0
105.0	391.0
106.0	433.0
107.0	442.0
108.0	430.0
109.0	404.0
110.0	435.0
111.0	389.0
112.0	346.0
113.0	329.0
114.0	344.0
115.0	330.0
116.0	313.0
117.0	354.0
118.0	307.0
119.0	211.0
120.0	257.0
121.0	224.0
122.0	223.0
123.0	164.0
124.0	162.0
125.0	164.0
126.0	141.0
127.0	147.0
128.0	123.0
129.0	122.0
130.0	105.0
131.0	131.0
132.0	119.0
133.0	123.0
134.0	115.0
135.0	126.0
136.0	135.0
137.0	148.0
138.0	193.0
139.0	165.0
140.0	139.0
141.0	134.0
142.0	120.0
143.0	113.0
144.0	126.0
145.0	109.0
146.0	105.0
147.0	106.0
148.0	91.0
149.0	75.0
150.0	78.0
151.0	67.0
152.0	76.0
153.0	108.0
154.0	86.0
155.0	89.0
156.0	115.0
157.0	90.0
158.0	75.0
159.0	103.0
160.0	112.0
161.0	117.0
162.0	133.0
163.0	145.0
164.0	116.0
165.0	103.0
166.0	95.0
167.0	84.0
168.0	65.0
169.0	90.0
170.0	91.0
171.0	94.0
172.0	79.0
173.0	86.0
174.0	72.0
175.0	75.0
176.0	63.0
177.0	80.0
178.0	78.0
179.0	66.0
180.0	76.0
181.0	65.0
182.0	69.0
183.0	82.0
184.0	80.0
185.0	93.0
186.0	66.0
187.0	68.0
188.0	65.0
189.0	56.0
190.0	84.0
191.0	67.0
192.0	57.0
193.0	73.0
194.0	64.0
195.0	57.0
196.0	68.0
197.0	63.0
198.0	73.0
199.0	45.0
200.0	48.0
201.0	50.0
202.0	39.0
203.0	55.0
204.0	48.0
205.0	59.0
206.0	51.0
207.0	55.0
208.0	60.0
209.0	57.0
210.0	68.0
211.0	50.0
212.0	40.0
213.0	42.0
214.0	38.0
215.0	45.0
216.0	52.0
217.0	36.0
218.0	53.0
219.0	34.0
220.0	26.0
221.0	35.0
222.0	26.0
223.0	26.0
224.0	25.0
225.0	17.0
226.0	16.0
227.0	17.0
228.0	22.0
229.0	21.0
230.0	29.0
231.0	28.0
232.0	16.0
233.0	21.0
234.0	21.0
235.0	19.0
236.0	21.0
237.0	21.0
238.0	31.0
239.0	27.0
240.0	28.0
241.0	28.0
242.0	27.0
243.0	21.0
244.0	17.0
245.0	18.0
246.0	9.0
247.0	15.0
248.0	7.0
249.0	14.0
250.0	12.0
251.0	11.0
252.0	18.0
253.0	18.0
254.0	17.0
255.0	21.0
256.0	12.0
257.0	11.0
258.0	7.0
259.0	12.0
260.0	9.0
261.0	11.0
262.0	9.0
263.0	7.0
264.0	9.0
265.0	9.0
266.0	11.0
267.0	18.0
268.0	8.0
269.0	11.0
270.0	12.0
271.0	5.0
272.0	15.0
273.0	16.0
274.0	13.0
275.0	11.0
276.0	11.0
277.0	7.0
278.0	10.0
279.0	16.0
280.0	13.0
281.0	10.0
282.0	10.0
283.0	28.0
284.0	17.0
285.0	11.0
286.0	12.0
287.0	12.0
288.0	19.0
289.0	5.0
290.0	4.0
291.0	7.0
292.0	2.0
293.0	5.0
294.0	3.0
295.0	5.0
296.0	5.0
297.0	14.0
298.0	3.0
299.0	7.0
300.0	10.0
301.0	2.0
302.0	2.0
303.0	4.0
304.0	2.0
305.0	13.0
306.0	6.0
307.0	4.0
308.0	11.0
309.0	3.0
310.0	8.0
311.0	5.0
312.0	8.0
313.0	6.0
314.0	8.0
315.0	12.0
316.0	15.0
317.0	8.0
318.0	9.0
319.0	12.0
320.0	6.0
321.0	7.0
322.0	12.0
323.0	7.0
324.0	14.0
325.0	3.0
326.0	8.0
327.0	4.0
328.0	4.0
329.0	3.0
330.0	5.0
331.0	3.0
332.0	5.0
333.0	7.0
334.0	4.0
335.0	1.0
336.0	5.0
337.0	3.0
338.0	5.0
339.0	3.0
340.0	5.0
341.0	11.0
342.0	3.0
343.0	3.0
344.0	2.0
345.0	1.0
346.0	4.0
347.0	8.0
348.0	3.0
349.0	2.0
350.0	2.0
351.0	5.0
352.0	3.0
355.0	1.0
357.0	1.0
358.0	1.0
361.0	1.0
369.0	3.0
371.0	1.0
372.0	1.0
373.0	1.0
374.0	1.0
375.0	1.0
377.0	1.0
379.0	1.0
380.0	1.0
387.0	2.0
389.0	1.0
390.0	2.0
391.0	1.0
395.0	1.0
396.0	2.0
397.0	1.0
399.0	1.0
400.0	1.0
404.0	1.0
406.0	2.0
407.0	1.0
409.0	2.0
410.0	1.0
411.0	1.0
414.0	1.0
415.0	1.0
418.0	1.0
419.0	1.0
420.0	2.0
421.0	1.0
423.0	1.0
424.0	3.0
425.0	1.0
426.0	5.0
427.0	1.0
428.0	3.0
429.0	2.0
430.0	3.0
431.0	1.0
432.0	1.0
434.0	1.0
437.0	2.0
439.0	2.0
440.0	1.0
442.0	1.0
443.0	1.0
444.0	2.0
445.0	2.0
446.0	3.0
447.0	2.0
448.0	3.0
449.0	4.0
451.0	4.0
453.0	1.0
454.0	2.0
455.0	2.0
456.0	3.0
457.0	2.0
458.0	2.0
459.0	2.0
460.0	3.0
461.0	1.0
462.0	2.0
463.0	2.0
464.0	1.0
465.0	2.0
466.0	2.0
467.0	2.0
469.0	1.0
470.0	1.0
472.0	1.0
473.0	3.0
474.0	1.0
475.0	4.0
476.0	4.0
477.0	2.0
478.0	2.0
479.0	2.0
481.0	2.0
482.0	4.0
483.0	1.0
484.0	1.0
486.0	1.0
487.0	3.0
488.0	2.0
489.0	2.0
490.0	1.0
491.0	3.0
492.0	1.0
493.0	1.0
496.0	1.0
497.0	2.0
498.0	1.0
500.0	3.0
501.0	2.0
502.0	1.0
503.0	1.0
504.0	2.0
505.0	1.0
506.0	2.0
507.0	1.0
508.0	5.0
509.0	2.0
511.0	2.0
512.0	5.0
513.0	3.0
514.0	2.0
516.0	3.0
517.0	4.0
518.0	1.0
519.0	5.0
520.0	1.0
521.0	2.0
522.0	2.0
523.0	4.0
524.0	1.0
525.0	2.0
526.0	1.0
527.0	3.0
528.0	3.0
529.0	1.0
530.0	4.0
531.0	3.0
532.0	1.0
533.0	7.0
534.0	5.0
535.0	4.0
536.0	5.0
537.0	3.0
538.0	3.0
539.0	1.0
542.0	2.0
544.0	3.0
546.0	1.0
547.0	3.0
548.0	2.0
549.0	6.0
550.0	2.0
551.0	1.0
552.0	2.0
553.0	1.0
554.0	1.0
556.0	3.0
557.0	3.0
558.0	2.0
559.0	3.0
560.0	2.0
561.0	2.0
562.0	1.0
564.0	1.0
566.0	1.0
569.0	1.0
571.0	2.0
572.0	4.0
573.0	4.0
574.0	1.0
578.0	2.0
579.0	1.0
580.0	2.0
582.0	1.0
584.0	2.0
586.0	1.0
588.0	1.0
590.0	1.0
592.0	1.0
593.0	1.0
594.0	1.0
596.0	1.0
598.0	3.0
599.0	3.0
602.0	2.0
604.0	1.0
605.0	1.0
607.0	1.0
610.0	1.0
614.0	1.0
615.0	2.0
616.0	1.0
617.0	2.0
618.0	1.0
619.0	1.0
620.0	1.0
621.0	1.0
622.0	3.0
624.0	4.0
627.0	4.0
628.0	5.0
629.0	1.0
630.0	2.0
632.0	1.0
633.0	3.0
634.0	1.0
635.0	1.0
636.0	3.0
637.0	4.0
638.0	3.0
639.0	2.0
640.0	2.0
641.0	2.0
642.0	4.0
643.0	2.0
644.0	3.0
645.0	5.0
646.0	3.0
647.0	2.0
648.0	2.0
649.0	3.0
650.0	5.0
651.0	5.0
652.0	2.0
653.0	4.0
654.0	5.0
655.0	3.0
656.0	3.0
657.0	6.0
658.0	1.0
659.0	4.0
660.0	1.0
662.0	2.0
663.0	6.0
664.0	2.0
665.0	1.0
666.0	3.0
667.0	3.0
668.0	2.0
670.0	4.0
671.0	5.0
672.0	1.0
673.0	2.0
674.0	2.0
675.0	5.0
676.0	9.0
677.0	7.0
678.0	3.0
679.0	2.0
680.0	2.0
682.0	1.0
683.0	2.0
684.0	1.0
685.0	3.0
686.0	1.0
687.0	1.0
688.0	3.0
689.0	1.0
690.0	1.0
691.0	3.0
692.0	1.0
693.0	1.0
694.0	2.0
695.0	2.0
696.0	1.0
697.0	3.0
699.0	1.0
700.0	1.0
706.0	1.0
708.0	2.0
711.0	3.0
712.0	2.0
713.0	2.0
714.0	1.0
715.0	1.0
717.0	1.0
720.0	6.0
722.0	1.0
723.0	2.0
724.0	3.0
725.0	3.0
726.0	2.0
727.0	4.0
728.0	4.0
729.0	3.0
731.0	1.0
759.0	1.0
768.0	1.0
771.0	1.0
783.0	1.0
789.0	1.0
797.0	1.0
805.0	1.0
807.0	1.0
828.0	1.0
841.0	2.0
842.0	1.0
854.0	1.0
860.0	1.0
862.0	1.0
868.0	1.0
872.0	1.0
877.0	1.0
881.0	1.0
884.0	2.0
888.0	1.0
890.0	1.0
894.0	1.0
895.0	1.0
899.0	1.0
900.0	1.0
904.0	2.0
906.0	2.0
907.0	2.0
911.0	2.0
913.0	1.0
922.0	1.0
924.0	1.0
925.0	1.0
933.0	1.0
934.0	1.0
935.0	1.0
936.0	3.0
937.0	2.0
938.0	2.0
940.0	1.0
942.0	1.0
943.0	1.0
945.0	1.0
948.0	1.0
950.0	1.0
954.0	1.0
955.0	1.0
957.0	1.0
961.0	1.0
962.0	1.0
965.0	1.0
969.0	1.0
975.0	1.0
979.0	1.0
999.0	1.0
1017.0	1.0
1028.0	1.0
1033.0	1.0
1038.0	1.0
1045.0	1.0
1053.0	1.0
1055.0	1.0
1059.0	1.0
1062.0	1.0
1076.0	1.0
1088.0	1.0
1090.0	1.0
1098.0	1.0
1099.0	2.0
1101.0	1.0
1108.0	1.0
1111.0	1.0
1114.0	1.0
1125.0	1.0
1141.0	1.0
1145.0	2.0
1152.0	1.0
1163.0	1.0
1164.0	1.0
1173.0	1.0
1185.0	1.0
1190.0	1.0
1192.0	1.0
1202.0	1.0
1214.0	1.0
1216.0	1.0
1217.0	1.0
1219.0	1.0
1220.0	2.0
1229.0	1.0
1235.0	1.0
1242.0	1.0
1254.0	1.0
1258.0	1.0
1261.0	1.0
1275.0	1.0
1276.0	1.0
1280.0	1.0
1281.0	2.0
1288.0	2.0
1292.0	2.0
1293.0	2.0
1294.0	1.0
1295.0	2.0
1296.0	3.0
1298.0	1.0
1299.0	1.0
1300.0	1.0
1302.0	2.0
