#Position (bp)	Coverage	Std
4123641.0	0.8168178094089433	4.838696530012062
1.2370922E7	0.6838316773734276	3.988564222640486
2.0618203E7	0.5856372542659817	3.5703154347890105
2.8865484E7	0.7117123813290708	4.269650473798201
3.7112765E7	0.6756825673819045	4.0538324081010835
4.5360046E7	0.7850236944757915	4.648924455393977
5.3607327E7	0.30307661397738234	2.3839398644353893
6.1854608E7	0.17150755503541107	1.7987506551528913
7.0101889E7	0.10869182218964044	1.3280042084310792
7.834917E7	0.1398298421019	1.5935827337441513
8.6596451E7	0.21260522104194096	1.99044415079612
9.4843732E7	0.20634497599875645	1.9994618411651148
1.03091013E8	0.13281480284229433	1.5128408332631842
1.11338294E8	0.5451523962867277	3.5039633875883553
1.19585575E8	0.19759239439034512	1.9448700406984614
1.27832856E8	0.0	0.0
1.36080137E8	0.0	0.0
1.44327418E8	0.2558220097023492	2.216707758214059
1.52574699E8	1.4342893130475365	6.175718712240166
1.6082198E8	0.6770353768714804	3.9121356295087786
1.69069261E8	0.26069622218522687	2.234443873824626
1.77316542E8	0.2631405429256018	2.299550651503993
1.85563823E8	0.25226180604250054	2.112045848495525
1.93811104E8	0.12333240494655147	1.5620034518705024
2.02058385E8	0.5568334582027701	3.5558591068709045
2.10305666E8	0.2979932416514	2.38757738835987
2.18552947E8	0.2003195962402639	2.0294770472813575
2.26800228E8	0.5212209939251494	3.6398773911332003
2.35047509E8	0.2915491784504493	2.464200024695705
2.4329479E8	0.18602155061771267	1.9743160059769091
2.481874265E8	0.8804408605506401	4.852580881301945
2.4904395E8	0.0	0.0
2.491474935E8	0.0	0.0
2.492273505E8	0.0023495872558387245	0.06491219566052885
2.493246215E8	0.0	0.0
2.493781395E8	0.0	0.0
2.494193325E8	0.09957356076759062	0.5736040087658952
2.49528459E8	0.0	0.0
2.49636853E8	0.21720456497729781	1.343861570978802
2.49678084E8	0.0	0.0
2.52682327E8	0.09703543073311537	1.4332091855491336
2.59789352E8	0.14484300947184897	1.5761802670311897
2.68036633E8	0.16472507727092117	1.84283809006168
2.76283914E8	0.6665405240830281	4.114131934889048
2.84531195E8	0.22543126637736727	1.913903824971281
2.92778476E8	0.2072516990751255	2.022861791170284
3.01025757E8	0.20637953284239982	2.0735227624089423
3.09273038E8	0.16068083529589933	1.7926027226818821
3.17520319E8	0.22804606754638287	2.0971438642485403
3.257676E8	0.3817883736470238	3.2494083187535314
3.34014881E8	0.22787534461357628	2.0777102080408842
3.42262162E8	0.22941609483173908	2.2459705246184165
3.50509443E8	0.30555925037597237	2.5104676216639548
3.58756724E8	0.3377692599536744	2.6957830962840554
3.67004005E8	0.14105715568561322	1.757843366903326
3.75251286E8	0.1294984371212767	1.5843263336375528
3.83498567E8	0.26731403962105815	2.5764563888184084
3.91745848E8	0.05715701938614678	0.9318064441863965
3.99993129E8	0.17580594137631542	1.7752637395284268
4.0824041E8	0.18233766983324565	1.7081889326964441
4.16487691E8	0.3086063152207376	2.4917328896309234
4.24734972E8	0.7984231409115319	4.845897077554392
4.32982253E8	0.18113400040570948	2.121309726289676
4.41229534E8	0.1271352340244015	1.4522735629611543
4.49476815E8	0.35175932528550924	2.5806552831547873
4.57724096E8	0.18919326260375996	1.8026696939887956
4.65971377E8	0.6327961906475601	4.0490398450878695
4.74218658E8	0.16529399204416584	1.8461019901457316
4.82465939E8	0.3854791658002195	3.0669954336437693
4.892410255E8	0.5303813466312344	3.3911126361032706
4.91973207E8	0.0	0.0
4.92130842E8	0.0	0.0
4.93522301E8	0.04711274004714126	0.7343264849197187
4.98960501E8	0.27905318128483797	2.434838067382932
5.07207782E8	0.2351673236306608	2.078027449889753
5.15455063E8	0.08681309634047876	1.2003354354019542
5.23702344E8	0.11797657919015976	1.464121521257323
5.31949625E8	0.4734621022370888	3.507280989049242
5.40196906E8	1.539180852453069	6.938475881151487
5.48444187E8	0.5641783031280249	3.613830982053381
5.56691468E8	0.09250078904792985	1.2728112484409169
5.64938749E8	0.10552120147233979	1.5700607817627903
5.7318603E8	0.023179275690982278	0.486983020990331
5.81433311E8	0.042292847788258946	1.0071200979772257
5.89680592E8	0.20695426771562653	2.209267012967501
5.97927873E8	0.10662483793143461	1.3177046674983044
6.06175154E8	0.18706916861448034	1.998748802451387
6.14422435E8	0.4007908788363098	2.984503528958427
6.22669716E8	0.4384012136848496	3.0585355629399325
6.30916997E8	0.2348953552085833	2.136153955834415
6.39164278E8	0.15063813152480193	1.916173251055007
6.47411559E8	0.19470647356383272	2.042025965960043
6.5565884E8	0.08760232614846032	1.284637345215661
6.63906121E8	0.14908804489625127	1.6556591049370593
6.72153402E8	0.14470841965976422	1.5350046733631422
6.80400683E8	0.35681723467407017	2.9101298277488215
6.87513812E8	0.3171801798200595	2.706292230549188
6.90580999E8	0.0	0.0
6.91715151E8	1.040897682671315	5.364535317690465
6.96895245E8	0.7172259560453924	6.582705419109812
7.05142526E8	0.16146181996223968	2.0136284369686304
7.13389807E8	0.09291001482791722	1.2184697712706822
7.21637088E8	0.02203598980075979	0.784997703603828
7.29884369E8	0.25903628116951516	2.5023869384666457
7.3813165E8	0.11578725158024808	1.3670300117959113
7.46378931E8	0.18350241734215192	1.9127260735840321
7.54626212E8	0.043303726403889964	0.750125803641543
7.62873493E8	0.24554153059656875	2.0733532909649477
7.71120774E8	0.20932607971039183	2.1000225986684096
7.79368055E8	0.2075510704679518	2.045707280603671
7.87615336E8	0.1147754029479534	1.4924612338831735
7.95862617E8	0.15217585044089077	1.627307061999544
8.04109898E8	0.1676407048577586	1.9905608036219895
8.12357179E8	0.23712239221629527	2.3042687645927766
8.2060446E8	0.07105978321825096	1.2489878840874546
8.28851741E8	0.09052704764151967	1.3526677112763439
8.37099022E8	0.14999585924136694	1.812338276869801
8.45346303E8	0.2198023809301514	2.1231655267351295
8.53593584E8	0.10647278781940375	1.5944324071031646
8.61840865E8	0.10251912115035246	1.273917583209153
8.70088146E8	0.07473929892773146	1.2220077513370997
8.775425195E8	0.24795037608838655	2.3527253772079106
8.80978107E8	0.0	0.0
8.817710145E8	0.7082928204658653	4.203401959161478
8.86582708E8	0.09881814382218819	1.4406149332962634
8.94829989E8	0.23396935305102373	3.7779251243187115
9.0307727E8	0.019540743185541998	0.4775804114823863
9.11324551E8	0.1101063489894427	1.5467417548234261
9.19571832E8	0.2639142524669646	2.1764625420170143
9.27819113E8	0.06794275592161829	1.1065629213070298
9.36066394E8	0.1527469477516287	1.6916171787443375
9.44313675E8	0.14507835976487282	1.763051989124925
9.52560956E8	0.20816557602438912	2.090454380901251
9.60808237E8	0.2751860886030196	2.545271546846917
9.69055518E8	0.07736695281754072	1.083425409107216
9.77302799E8	0.13244995532467002	1.5442460546636676
9.8555008E8	0.046136902574315096	0.864078496115031
9.93797361E8	0.1565729359773239	1.823268786061005
1.002044642E9	0.10794515186277756	1.5537636870264657
1.010291923E9	0.23433565559364353	2.169090376796787
1.018539204E9	0.9194124706069794	5.107968431566777
1.026786485E9	0.24360319479838263	2.3323876554836964
1.035033766E9	0.37655658877149933	3.0018386689784453
1.043281047E9	0.09880856490763441	1.4223254779687402
1.051528328E9	0.16593250551302907	1.8060357303487968
1.0591365945E9	0.701360920798961	4.347415865607292
1.062667565E9	0.0	0.0
1.0633065795E9	0.10982756002497174	1.486347394039257
1.06802289E9	0.20147464358253345	2.3078827046264707
1.076270171E9	0.17851046908672083	2.108734641274016
1.084517452E9	0.12981733009945945	1.4625629304915162
1.092764733E9	0.5413547810484449	3.0421927931590447
1.101012014E9	0.46719870463974733	3.133232677094725
1.109259295E9	0.5831591041944612	3.8137253798092536
1.117506576E9	0.27242505742195516	2.468544407357558
1.125753857E9	0.06707313598263476	1.2835105400856033
1.134001138E9	0.16858537983609387	1.7904013044191611
1.142248419E9	0.12892564228137735	1.493869283313981
1.1504957E9	0.2197509700469767	2.089657097199685
1.158742981E9	0.08982026924995037	1.4313730964777058
1.166990262E9	0.13122967436176844	1.7378091162410314
1.175237543E9	0.2582271660199283	2.447814082049003
1.183484824E9	0.12225411017279512	1.395576805635661
1.191732105E9	0.20618819705549016	2.0507012079636113
1.199979386E9	0.18989822221408487	2.0277893123568873
1.208226667E9	0.19699049905053556	2.078655342662897
1.216473948E9	0.2612545880272541	2.318341408905504
1.224721229E9	0.20489819614488702	2.0833577353742054
1.231182379E9	0.22044766021271786	2.0281567641328655
1.2353060195E9	0.5015877894734485	3.637825988909212
1.241215791E9	0.3262455832413131	2.930566298919761
1.249463072E9	0.08384266281214378	1.1197543138210875
1.257710353E9	0.21888171386424204	2.0914567179688732
1.265957634E9	0.1583552203447415	1.7314656775938182
1.274204915E9	0.26733356120641455	2.4966817170209916
1.282452196E9	0.2177852312780418	2.336584524379857
1.290699477E9	0.05319365255045875	0.9716558218917738
1.298946758E9	0.10758078935348511	1.6482010521991373
1.307194039E9	0.3548810814133773	2.866132560795123
1.31544132E9	0.10231432638223434	1.484807076497307
1.323688601E9	0.2728154891290839	2.5462292273973723
1.331935882E9	1.125150458678442	9.375506602472534
1.340183163E9	0.26857445502341926	2.275009520916815
1.348430444E9	0.12491644215833073	1.532161709383404
1.356677725E9	0.13532811601787303	1.6852932678961028
1.364925006E9	0.37616555080395586	2.9945066161726217
1.373172287E9	0.3611011920171024	2.4575423160253345
1.381419568E9	0.6106608953908567	4.32889434029639
1.389204535E9	0.19382223901637835	1.9584660406761525
1.3933281755E9	0.12960130993221058	1.7170829428141932
1.39791413E9	0.11249404500707566	1.290865002821236
1.406161411E9	0.10463969882922626	1.3343291584671997
1.414408692E9	0.35197430522859596	2.6969298472422185
1.422655973E9	0.23291373241678076	2.296849070305775
1.430903254E9	0.218756945470877	2.1669452168720045
1.439150535E9	0.11608674422515736	1.3510476775024498
1.447397816E9	0.16562246393690236	1.9727024730179827
1.455645097E9	0.130900959964866	1.71673934840405
1.463892378E9	0.13817960125282502	1.4867691350124181
1.472139659E9	0.0944431261648536	1.5345662482857891
1.48038694E9	0.08649250583313459	1.0701215841767096
1.488634221E9	0.2051858060856663	1.993793965462323
1.496881502E9	0.16762178953281695	1.7908264553751578
1.505128783E9	0.09021736982164183	1.2254065451821312
1.513376064E9	0.16365854394921187	1.6623393377340296
1.521623345E9	0.09708872536294083	1.3531517213075646
1.529870626E9	0.08849922780610968	1.2373437258907352
1.535999382E9	1.8811056021461108	8.037472217399374
1.5401230225E9	0.20488759868304598	2.213173279985406
1.546365188E9	0.13534108999074967	1.665039340184102
1.554612469E9	0.1430663027002475	1.5420119183698755
1.56285975E9	0.11107636565311646	1.497449345002384
1.571107031E9	0.6747848169596743	4.43163983076642
1.579354312E9	0.15210637299735513	2.0821628311777305
1.587601593E9	0.0	0.0
1.595848874E9	0.02234688014146723	0.6869338141519237
1.604096155E9	0.12504751566000966	1.88619422709626
1.612343436E9	0.1738689393510419	1.816115501971317
1.620590717E9	0.12637534722049606	1.5803861449803602
1.628837998E9	0.28472765751524653	2.698150171237038
1.637085279E9	0.26041346232776597	2.2703451612150456
1.64533256E9	0.22905403611202285	2.211038323184687
1.653579841E9	0.28245866728683067	2.5518593123992246
1.661827122E9	0.46335404359327637	3.186864202929285
1.670074403E9	0.7959545697545651	4.1612258342713
1.675298629E9	2.6282973926151127	9.068789974003375
1.6764192455E9	0.0	0.0
1.6764583035E9	0.0	0.0
1.676565753E9	0.0	0.0
1.6766737005E9	0.0	0.0
1.679569275E9	0.18698913214115404	1.9719019401559863
1.686568965E9	0.14959997119050508	1.5875576745523146
1.694816246E9	0.17523617783849005	1.7000220359967637
1.703063527E9	0.2326163010572818	2.2473780244653536
1.711310808E9	0.1444486976980656	1.7547575944027278
1.719558089E9	0.14956796064060385	1.938403228834711
1.72780537E9	0.25621607897196663	2.5848807555537974
1.736052651E9	0.15321085822103067	1.9637630066489073
1.744299932E9	0.2534304336180615	2.2730034018398926
1.752547213E9	0.39374310151430514	3.1532937609433453
1.760794494E9	0.16792467723604906	2.042963839063313
1.769041775E9	0.3556140502548658	2.617013745312021
1.777289056E9	0.7301892587387285	4.202911295120307
1.785536337E9	0.0900441005950931	1.2954981416857692
1.793783618E9	0.2322891629374578	2.0335132322917997
1.802030899E9	0.27415241459579226	2.47623304268967
1.8083225935E9	0.41798197830865835	3.264215089377463
1.812446234E9	1.3301577301745537	6.029960496261899
1.818525461E9	0.8350932871088059	4.8163037512407545
1.826772742E9	0.31129617142910493	2.475107932193799
1.835020023E9	0.07498750194154898	1.1412590294686964
1.843267304E9	0.22875793852543644	2.236776620653175
1.851514585E9	0.05194269481056848	0.9459652179957593
1.859761866E9	0.4087630820387956	3.107862352165038
1.868009147E9	0.6045456678388914	3.8556384136932422
1.876256428E9	1.9162163869522573	7.399193797190862
1.884503709E9	0.5069476837275219	3.4865781745919437
1.89275099E9	0.14932315268510918	1.9235789788325286
1.900998271E9	0.21950519207481836	2.193787944404696
1.909245552E9	0.17562345699146178	2.0285386769239877
1.917492833E9	0.2038920463604914	2.022932789877405
1.925740114E9	0.6075335616671725	3.7458000939861136
1.933987395E9	0.3987691216050478	2.8964868672604736
1.9418441525E9	0.21368845391130253	2.1790804848574954
1.9456274275E9	0.038667809721280755	0.3767776558791345
1.946017951E9	0.5078599329250467	2.800178101190167
1.950481957E9	0.6292192542002631	3.771844990371668
1.958729238E9	0.243034158773055	2.011201093398782
1.966976519E9	0.13324949155970314	1.3064459673896993
1.9752238E9	0.206063792418374	1.9428284313999329
1.983471081E9	0.19468295065973865	2.2222297361337375
1.991718362E9	0.6703958553127994	4.248300746545323
1.999965643E9	1.4839804779296353	6.0833022915443635
2.008212924E9	0.13165429915629162	1.5089754574322334
2.016460205E9	0.16390783823177602	1.6676190034893366
2.024707486E9	0.15447006110256217	1.6013409650497363
2.032954767E9	0.10670219676036259	1.4187838242391093
2.041202048E9	0.17693128195825994	1.7705598753244218
2.049449329E9	0.2741446544624829	2.135318144140673
2.05769661E9	0.45142623368841195	2.970320954213262
2.065943891E9	0.5697397724171154	3.4063850349999205
2.074191172E9	0.2322133803856083	2.295556471433249
2.0786338535E9	1.561664488263264	6.285776113355054
2.082757494E9	0.0	0.0
2.090685734E9	0.0	0.0
2.098933015E9	0.16178253172166682	2.0383703032465226
2.107180296E9	0.2947020963636379	2.560151826749802
2.115427577E9	0.19978463205024782	2.062710741773168
2.123674858E9	0.22867766964651745	2.251350529816508
2.131922139E9	0.17473310294629224	2.104023815546524
2.14016942E9	0.058644539939890494	1.3547881234722472
2.148416701E9	0.05025668459702052	1.042857383118948
2.156663982E9	0.1344611636247146	1.650045027173348
2.164911263E9	0.028642773297041776	0.9480437786765358
2.173158544E9	0.07072452120886871	1.0540802706887045
2.181405825E9	0.2342721195021729	2.483526952877169
2.189423344E9	0.2711929763602023	2.604409171192259
2.1935469845E9	0.0	0.0
2.197900387E9	0.0	0.0
2.206147668E9	0.0	0.0
2.214394949E9	0.933576047669529	4.79374796967484
2.22264223E9	0.13145120191733495	1.6979908036571372
2.230889511E9	0.16685086878936223	1.998622647697115
2.239136792E9	0.13603331813236386	1.8302304525404205
2.247384073E9	0.2451051443499985	2.1286511937361876
2.255631354E9	0.34356838332536505	2.767512879010168
2.263878635E9	0.4175526455325094	3.085481965612161
2.272125916E9	0.25818363652214593	2.430385741195926
2.280373197E9	0.10190570686266176	1.4347849740678347
2.288620478E9	0.2649372562908915	2.272184097031726
2.2965525295E9	0.7510460399363409	4.616397038818718
2.300461795E9	0.0	0.0
2.300668236E9	0.010867866630677217	0.15750886585430465
2.3008708475E9	0.001540839989693378	0.0392535347413883
2.300979636E9	0.0	0.0
2.3010753705E9	0.0	0.0
2.301178399E9	0.023271677817132363	0.2275179052710856
2.301217234E9	0.0	0.0
2.3013234165E9	0.0	0.0
2.301431691E9	0.0	0.0
2.3053461205E9	0.0	0.0
2.313362321E9	0.0	0.0
2.321609602E9	0.05827399357436711	0.9115210157026924
2.329856883E9	0.14509024246900282	1.543916162666639
2.338104164E9	0.36067608221424735	2.9523848885077744
2.346351445E9	0.9560182319482021	4.842435078817046
2.354598726E9	0.2887111521967058	2.3141516163748705
2.362846007E9	0.37006681353527304	2.8207870951318417
2.371093288E9	0.3502617408088799	2.834482994811477
2.379340569E9	0.5701873138553178	3.9926719350989193
2.38758785E9	0.43167002555145145	3.3101761338535955
2.395835131E9	0.1860625338217529	1.9863370555139002
2.4017017605E9	0.30657393707017083	2.554542406987396
2.4036688735E9	0.02208598811372276	0.3745211645463471
2.406049525E9	2.710472971014745	9.257120116591388
2.412329693E9	0.31115309397121305	2.59127497074418
2.420576974E9	0.26747360736223247	2.1284852001963768
2.428824255E9	0.5206913648267835	3.4603177251006048
2.437071536E9	0.8402143688325886	5.212371332707325
2.445318817E9	0.0	0.0
2.453566098E9	0.2423144064086091	2.3241080562001857
2.461813379E9	0.31031293828838863	2.4950934180720266
2.47006066E9	0.7888112457911887	4.904607926522236
2.478307941E9	0.45239976666249154	3.2630295678815546
2.486555222E9	0.22534566240679807	2.2977363092386365
2.4924551025E9	1.0672276831959646	5.8623924895072825
2.495167722E9	0.007367205283755144	0.20113499320245506
2.4975151225E9	0.7776702118536861	4.425089082481199
2.503049784E9	1.5271370043048127	6.239129006626331
2.511297065E9	0.48707495233883746	3.5688519518758706
2.519544346E9	0.12650448068884762	1.9215473715497264
2.527791627E9	0.7308936120886387	4.264969963660514
2.536038908E9	1.057572671526531	4.743234055830882
2.544286189E9	0.8804382923293144	4.719598399222143
2.55253347E9	0.3169787715490717	2.6466433821643185
2.560780751E9	0.4850561051575665	3.25671254942876
2.569028032E9	0.8461975528662113	4.856001336134647
2.5762566075E9	1.0229491116561216	5.147508669795759
2.579454338E9	0.0	0.0
2.579687553E9	8.830682348249353E-4	0.038487345306458864
2.579884248E9	0.0	0.0
2.5806697385E9	0.24682295344994273	2.3091260784317087
2.585522594E9	0.20769184413626746	2.108683523221432
2.593769875E9	0.15429594311143272	1.7177100501480818
2.602017156E9	0.15182749320654892	1.6304599160914883
2.610264437E9	0.15794599456475414	1.798864640254381
2.618511718E9	0.08433870508352995	1.2272607227474832
2.626758999E9	0.26783311978820656	3.0314066951848235
2.63500628E9	0.148999652127774	1.797806006233275
2.643253561E9	0.1312371919909119	1.6192981106341715
2.651500842E9	0.12090712078320115	1.7458922835423492
2.6579691455E9	0.17737239850673636	2.2726240006456906
2.662092786E9	1.8348874564180828	7.288442024544325
2.667995404E9	1.735231162852339	6.828058815236864
2.676242685E9	1.6061065459028254	6.537766670536997
2.684489966E9	0.2150507543031455	2.472944311109319
2.692737247E9	0.689096321563434	4.425945219597802
2.700984528E9	1.4582190178799534	6.222235985160445
2.709231809E9	1.8379111855167782	7.198945450328189
2.716143437E9	1.5982788660279144	6.8947633951252545
2.7202670775E9	0.49114066303149095	3.36127091769447
2.725726371E9	0.38488587935830004	3.2578706507031034
2.733973652E9	0.1186695348442717	1.594446019489682
2.742220933E9	0.18796134144089427	2.190536283677896
2.750468214E9	0.4194786136182337	3.194055922920159
2.758715495E9	0.32004644924794	2.706720151033311
2.766962776E9	0.5321070059332281	3.560795194037308
2.775210057E9	0.240034139736478	2.541418441882942
2.7813546445E9	1.0931716665503846	5.941597713816978
2.785478285E9	0.0	0.0
2.791704619E9	0.04267782315165446	0.9618527898571123
2.7999519E9	0.04987098172112724	0.9914512601697124
2.808199181E9	0.0453537353704815	0.9322394023487061
2.816446462E9	0.33535125091530166	2.6839706645259906
2.824693743E9	0.35892677841339465	2.7123323966132977
2.829451479E9	0.9499160615396262	4.496877256501696
2.8335751195E9	0.0	0.0
2.841188305E9	8.924153305798603E-5	0.012321023003993768
2.849435586E9	0.6542496854417837	4.45727713107605
2.857682867E9	0.6442012828227873	4.133143324083647
2.865930148E9	0.5043316700376766	3.4353286858362146
2.874177429E9	0.4555112163633081	3.2298098774281896
2.879602556E9	1.392898043890582	6.84057296597439
2.8809794195E9	0.03644347745333457	0.3901727394031494
2.881075568E9	0.0	0.0
2.8811862255E9	0.0	0.0
2.8813586365E9	0.10651923659497121	0.7599646032031895
2.881462567E9	0.0	0.0
2.8815749325E9	0.0	0.0
2.8817178115E9	0.0	0.0
2.881819418E9	0.0	0.0
2.881906098E9	0.0	0.0
2.8842457205E9	0.10707278199276479	1.164916308075638
2.890671991E9	0.06354118405811564	0.8829872790400138
2.898919272E9	0.11002389757303044	1.0654070962390467
2.907166553E9	0.08763312417753197	1.1303961936774136
2.915413834E9	0.06351814616235339	0.9036626718661005
2.923661115E9	0.0812870326596123	0.9787104353842233
2.931908396E9	0.34533720871157414	2.141857097160291
2.940155677E9	0.08305816183539763	1.0752611336735522
2.948402958E9	0.09023107130701621	1.0457254602332942
2.956650239E9	0.19228373569422455	1.6232969749417563
2.96489752E9	0.042511344041751456	0.7020497369890272
2.973144801E9	0.017931728044673148	0.49289541208725074
2.981392082E9	0.1357911777226943	1.3791097429193389
2.989639363E9	0.1317819775996477	1.2431702454939846
2.997886644E9	0.08374335735620018	1.0140212048378414
3.006133925E9	0.07417256669198007	0.9740595318357504
3.014381206E9	0.15362202403434538	1.3674046628557517
3.022628487E9	0.04889453869705664	0.7729320324234736
3.030875768E9	0.08211530563830674	0.9998216829135168
3.036491697E9	0.9329412509712431	4.063606791142569
3.0406153375E9	0.06953155640142406	0.9742872277097362
3.04737033E9	0.03339718872195576	0.5313026331670971
3.055617611E9	0.03733303133481204	0.6854957657571507
3.063864892E9	0.02512646289122439	0.4684790019461943
3.072112173E9	0.0	0.0
3.080359454E9	0.0	0.0
3.088606735E9	0.0	0.0
3.093970888E9	0.019331929343718825	0.521470188491455
3.0952300205E9	0.0	0.0
3.0952497775E9	0.0	0.0
3.095251997E9	0.0	0.0
3.0952540505E9	0.0	0.0
3.0952557575E9	0.0	0.0
3.0952672315E9	0.0	0.0
3.0952801775E9	0.0	0.0
3.095282986E9	0.0	0.0
3.0952843085E9	0.0	0.0
3.0952861685E9	0.0	0.0
3.0952878055E9	0.0	0.0
3.095294504E9	0.0	0.0
3.0953195485E9	0.0	0.0
3.095338983E9	0.0	0.0
3.0953408955E9	0.0	0.0
3.095343463E9	0.0	0.0
3.095345222E9	0.0	0.0
3.095346809E9	0.0	0.0
3.095349042E9	0.0	0.0
3.0953512725E9	0.0	0.0
3.095353364E9	0.0	0.0
3.095355108E9	0.0	0.0
3.095356321E9	0.0	0.0
3.0953577535E9	0.0	0.0
3.095359376E9	0.0	0.0
3.095556087E9	0.0	0.0
3.095752734E9	0.0	0.0
3.0957542375E9	0.0	0.0
3.0957570845E9	0.0	0.0
3.095805536E9	0.0	0.0
3.09590828E9	0.0	0.0
3.09596656E9	0.0	0.0
3.095969795E9	0.0	0.0
3.0959721615E9	0.0	0.0
3.0959744135E9	0.0	0.0
3.095976482E9	0.0	0.0
3.0959781075E9	0.0	0.0
3.095990102E9	0.0	0.0
3.0960705095E9	0.0	0.0
3.0961424095E9	0.0	0.0
3.09614931E9	0.0	0.0
3.096156554E9	0.0	0.0
3.096162411E9	0.0	0.0
3.096166714E9	0.0	0.0
3.09616929E9	0.0	0.0
3.096171731E9	0.0	0.0
3.0961743065E9	0.0	0.0
3.096175887E9	0.0	0.0
3.096222038E9	0.0	0.0
3.0962682935E9	0.0	0.0
3.096269694E9	0.0	0.0
3.0962711935E9	0.0	0.0
3.096273378E9	0.0	0.0
3.096275639E9	0.0	0.0
3.0962799385E9	0.0	0.0
3.096298978E9	0.0	0.0
3.0963367315E9	0.0	0.0
3.096361311E9	0.0	0.0
3.09636591E9	0.0	0.0
3.0963714185E9	0.0	0.0
3.0963777495E9	0.0	0.0
3.096382349E9	0.0	0.0
3.0963867675E9	0.0	0.0
3.0963904915E9	0.0	0.0
3.0963918375E9	0.0	0.0
3.0963930415E9	0.0	0.0
3.096395075E9	0.0	0.0
3.0963969485E9	0.0	0.0
3.0963981865E9	0.0	0.0
3.0963996145E9	0.0	0.0
3.0964008415E9	0.0	0.0
3.096401915E9	0.0	0.0
3.096403377E9	0.0	0.0
3.096405706E9	0.0	0.0
3.0964088985E9	0.0	0.0
3.0964148235E9	0.0	0.0
3.0964195075E9	0.0	0.0
3.096420554E9	0.0	0.0
3.0964217255E9	0.0	0.0
3.096423568E9	0.0	0.0
3.09642553E9	0.0	0.0
3.09642687E9	0.0	0.0
3.0964283815E9	0.0	0.0
3.0964299295E9	0.0	0.0
3.0964310225E9	0.0	0.0
3.0964324015E9	0.0	0.0
3.0964340375E9	0.0	0.0
3.0964356545E9	0.0	0.0
3.0964371835E9	0.0	0.0
3.0964386665E9	0.0	0.0
3.096439981E9	0.0	0.0
3.0964414315E9	0.0	0.0
3.0964428915E9	0.0	0.0
3.096445494E9	0.0	0.0
3.0964481695E9	0.0	0.0
3.0964500655E9	0.0	0.0
3.0964522185E9	0.0	0.0
3.096453769E9	0.0	0.0
3.0964556835E9	0.0	0.0
3.096458275E9	0.0	0.0
3.0964636735E9	0.0	0.0
3.0964714905E9	0.0	0.0
3.0965667595E9	0.004920829323768699	0.11393004098337858
3.0967478065E9	0.0	0.0
3.0969183065E9	0.0	0.0
3.097089054E9	0.0	0.0
3.0972576165E9	0.0	0.0
3.0973438365E9	0.0	0.0
3.09743346E9	0.021005973002758176	0.2062710608259975
3.0976209085E9	0.0	0.0
3.0978104735E9	0.00712878104373427	0.11030953776205535
3.097915655E9	0.0	0.0
3.0979698435E9	0.01804891255301868	0.23178782618194657
3.098102454E9	0.0	0.0
3.098248482E9	0.0	0.0
3.098374522E9	0.0	0.0
3.0985283265E9	0.0	0.0
3.0986781225E9	0.0	0.0
3.098767366E9	0.0	0.0
3.0988127105E9	0.0	0.0
3.098864278E9	0.0	0.0
3.098902735E9	0.0	0.0
3.0989608915E9	0.0	0.0
3.099036312E9	0.0	0.0
3.0991407965E9	0.0	0.0
3.099303025E9	0.0	0.0
3.0994846985E9	0.0011211270157637254	0.03348323484616929
3.099653576E9	0.0	0.0
3.099967721E9	0.5427952468516065	2.4509369732330617
3.100340622E9	0.4983510311886571	2.4101657720285625
3.100728804E9	0.3746395957444671	2.0628431660327218
3.101515147E9	0.4497716703830114	2.412420877259497
3.1022054085E9	0.3836722938253988	1.71506605831891
3.1025331485E9	0.35300538952614463	1.9817744578750753
3.1027912175E9	0.30958483754512633	1.9367930370463913
3.1029573855E9	0.25692203977464245	1.8490994113154762
3.103062931E9	0.0	0.0
3.1031786555E9	0.27842718800604843	3.280493628119441
3.10334208E9	0.0	0.0
3.103482767E9	0.0	0.0
3.1038287865E9	0.06995390366955827	0.5635038318819193
3.1041653075E9	0.18313910606284112	1.4873244022396395
3.1044847005E9	0.16594035188209705	0.9775482711019303
3.1048490495E9	1.283361801315504	4.32767481840413
3.10508024E9	0.2260717836508323	1.9124060116525758
3.105629184E9	0.13384884611436076	0.9010730437196548
3.1062829545E9	0.05830688980656379	0.6629873839262564
3.10667802E9	0.18841563368289646	1.4498692044018
3.106949138E9	0.12574633019957118	0.77527470655271
3.1071604535E9	0.40245501981694276	2.3863172848769976
3.107433246E9	0.6944286144785012	3.8741834081382134
3.107642847E9	0.0	0.0
3.107807231E9	1.208605577689243	4.229297192811363
3.108016786E9	0.0	0.0
3.1083486805E9	0.6289650268489837	3.237454827926188
3.108735868E9	0.307497955932358	1.9424938078734562
3.1090516455E9	0.1859058698612746	1.2187712049461008
3.109292268E9	0.1040613095105487	1.0062702108609656
3.1095754895E9	0.27371682932590985	1.6321996976756652
3.110268924E9	0.30903467432809784	1.720491367814748
3.1108372965E9	0.0	0.0
3.111178416E9	0.43672852145806573	2.910254000934858
3.111696332E9	0.12438650278093828	0.8755053078767838
3.112024148E9	0.6634518736345436	2.4716550477779498
3.1123518825E9	0.3806196363962563	2.362090791889458
3.112689607E9	0.11114198388441233	0.9838067350682841
3.112942537E9	0.2088979723610735	1.3189741689118837
3.113198274E9	0.0595992464463093	0.8870362799102604
3.113375336E9	0.0	0.0
3.1136852375E9	0.12820475447827545	1.4554216645102698
3.1140417195E9	0.22025156815240118	1.7576300945217769
3.1144303125E9	0.05855096705864553	0.49356831323795636
3.1148938345E9	0.598309277253706	2.8832617272482803
3.115306268E9	0.09243000382660911	0.8419521082845364
3.1157007715E9	0.02672715189690543	0.49517303663782397
3.116016147E9	0.0	0.0
3.116211793E9	0.0017060091328355577	0.04130386341294913
3.1163825765E9	0.0	0.0
3.116618425E9	9.804594432951282E-4	0.03233919303540937
3.116824178E9	0.0	0.0
3.116974473E9	0.1806185693852755	0.9215330007766858
3.117223447E9	0.08912953761328557	1.027736575326349
3.117423554E9	0.0	0.0
3.11752243E9	0.04184300409268793	0.40275778760433273
3.117654662E9	0.0	0.0
3.1179713535E9	0.11190134273088707	1.0847867813180212
3.1183238915E9	0.08015390227968812	1.07220428632416
3.1185300955E9	0.08914724294463248	0.9844207952705196
3.1186638935E9	0.3978245089197334	2.5507691169373827
3.1188122E9	0.0961101846945175	0.9749052381857218
3.1189417835E9	0.0	0.0
3.119031296E9	0.0	0.0
3.1192646035E9	0.0	0.0
3.119573191E9	0.0	0.0
3.11979312E9	0.0	0.0
3.1199932505E9	0.050635908537410367	0.69295530290184
3.1202658475E9	0.21598279135161752	1.420567514831842
3.120630526E9	0.3498805491174897	2.2426547233132097
3.1208975455E9	0.0	0.0
3.121056931E9	0.36045022808375565	1.285565946019378
3.1212748515E9	0.3375022783096244	1.2965864661629969
3.122440861E9	0.07256047221501867	0.652648767421183
3.123559647E9	0.0	0.0
3.123731843E9	0.03598762025863103	0.5152598087580097
3.123905589E9	0.0	0.0
3.124156243E9	0.0	0.0
3.124488596E9	0.14300213233714068	1.372626440065712
3.1246848165E9	0.4952421183689804	1.9758648678685475
3.1249839605E9	3.231297655862704	8.160299028670776
3.125478813E9	0.1733229740762361	1.4046078755378644
3.1258153425E9	1.0731091472512337	3.710922839636322
3.1259283855E9	0.0	0.0
3.1260669835E9	0.32312311570207086	2.0064199913198797
3.126229539E9	0.010933608698293143	0.1779976637959939
3.1264622605E9	0.22065471591739574	1.7271032439467247
3.1268141995E9	0.0	0.0
3.1271087395E9	0.0	0.0
3.1273657625E9	0.2710242719236843	1.8762082553667623
3.127558334E9	0.9241036528075623	3.859127038258059
3.12766468E9	0.0	0.0
3.127828692E9	0.07948688760750357	0.8847923621787779
3.128042349E9	0.0	0.0
3.128360835E9	0.0	0.0
3.128664108E9	0.11814619113622132	0.9012011972130772
3.128969306E9	0.1927532796460139	1.4646775629991988
3.1294982675E9	0.6452575739074986	3.2061604197246116
3.1301334265E9	1.322450790553902	6.731828678605939
3.1305637235E9	0.0400151168219105	0.48921862171828456
3.1308685615E9	0.06610679846606352	1.016129598212442
3.132525107E9	0.1851424750472281	1.6495585129180736
3.135708871E9	0.148878029011696	1.4773718931899646
3.1375838995E9	0.0	0.0
3.1377919885E9	0.0	0.0
3.1379456385E9	0.0	0.0
3.13807759E9	0.6339460268462653	2.5303545167894983
3.1381825785E9	0.18572454206768085	1.1392535083768494
3.1383378E9	0.3426226425102835	1.8463585342002815
3.1385240455E9	3.5019137596899226	8.10389776062906
3.1386262505E9	0.4123186561466022	2.4171694330788527
3.1387278365E9	0.0	0.0
3.138876827E9	0.0	0.0
3.1392287105E9	0.05372778530652942	0.686549327642363
3.139683903E9	0.01584893034395114	0.3505872071317518
3.1400953865E9	0.34893519958527736	1.7318352979490848
3.1405015935E9	0.7181249318520493	2.6597122495550374
3.1406793795E9	0.0	0.0
3.140919565E9	0.0	0.0
3.1413571285E9	0.0	0.0
3.1417136825E9	0.40892115899284504	4.006546236826543
3.141952908E9	0.0	0.0
3.1421298615E9	0.07239311163895487	0.9527214426412416
3.14226876E9	0.9211130104116201	3.849274547316431
3.142455731E9	0.13948099567181388	1.2013509314753974
3.1426861345E9	0.25834853410237335	1.4150311778720643
3.1428269075E9	0.0	0.0
3.142876723E9	0.0	0.0
3.142986396E9	4.570802784403826	8.688982229661685
3.143306311E9	0.2435129970034335	1.6080859071723428
3.1436587875E9	0.6376859345036687	3.5250516304820363
3.1438552095E9	0.34952983165202656	2.340206170209243
3.1440183465E9	0.28846191636535135	1.730982582112119
3.1442055865E9	0.39462229710755403	1.5015320267673384
3.1444308725E9	0.8171639656134227	3.1629611685853227
3.1447233165E9	0.0	0.0
3.144946377E9	0.15226048254860622	1.2890713290974618
3.1451891185E9	0.45641689349576037	2.437184350617192
3.145452005E9	0.13071365094084464	0.7749308061608846
3.145651126E9	0.2919774271565127	1.4714841015947515
3.145842373E9	0.005440729299536329	0.12273864470874024
3.146075901E9	0.093433497879902	0.7744999360938165
3.1463176985E9	0.29177612416052057	2.19588966815883
3.146431306E9	0.0	0.0
3.1465845315E9	0.05282280603689212	0.43654876220186406
3.146769566E9	2.136716417910448	4.970041130656095
3.146878665E9	0.10555875707765063	0.9485834980833744
3.1474567455E9	0.16774324202980787	1.2344690841909796
3.14807643E9	0.8855612862344245	3.211037269339502
3.1484432145E9	0.21449140356130253	1.5084019401727804
3.148819422E9	0.0	0.0
3.148977379E9	2.0842763806116493	5.468294536515483
3.1491170515E9	0.0	0.0
3.1493622605E9	0.0	0.0
3.14955241E9	0.35978296155451467	2.1706551735057933
3.149628021E9	0.5473749898882507	2.5247781138716987
3.149748357E9	0.0	0.0
3.1499742105E9	0.42998575115603827	2.601561759512526
3.1502921685E9	0.0	0.0
3.1504971245E9	0.0	0.0
3.1507112895E9	0.029431055649921798	0.5185060162867102
3.1509737455E9	0.0	0.0
3.151061473E9	0.0	0.0
3.151082855E9	0.0	0.0
3.1511749635E9	0.0	0.0
3.1513110845E9	0.024295432458697766	0.3561664657773767
3.1514522965E9	0.0869866116368029	1.1014882541674489
3.1515644655E9	0.3865492246995137	1.8272823429689455
3.1517003225E9	0.12192225668863901	0.9484610297382514
3.152003074E9	7.390094267541454E-4	0.027184727821961827
3.152563988E9	0.8955766662745885	3.687413630626109
3.1532707765E9	1.726556303659405	4.8876649239149526
3.1537483565E9	0.0	0.0
3.1539663695E9	0.12751021548562846	1.3744080702712778
3.156380446E9	0.13874371692020904	1.0711363374608907
3.158879927E9	0.08231005204213575	0.7395470669584121
3.159249488E9	0.0015131836122214797	0.05247851154751908
3.16219797E9	0.10368171761977976	1.247181228939374
3.1659520495E9	0.06413675281788704	0.7920788570147933
3.1671347315E9	0.1798106549905775	1.2120603277276676
3.167415562E9	0.9384285833329249	4.923804867939617
3.1677021975E9	0.4656262186403224	2.3177299576322334
3.1684641165E9	0.12119708221387282	1.0427935509069084
3.169090285E9	0.2531632621748514	2.272236254987133
3.169183024E9	4.03653879040073	7.8765810467435875
3.1692563895E9	0.5590856716822556	2.3583174604807335
3.169526105E9	0.07009148340497279	0.7765960888224177
3.17072987E9	0.31858814860555806	2.413194066571306
3.171828911E9	0.5076706757649455	2.4777933300854778
3.172098126E9	0.21330800895824842	1.7856876276224352
3.172271162E9	1.0952689895559033	3.834294630537427
3.1723950345E9	0.0	0.0
3.172647101E9	0.5039000349256859	2.238357627338511
3.172955559E9	0.13736924435742182	0.9866877353648164
3.1731654725E9	2.80452185514981	6.251644213344744
3.173311788E9	3.805465250803048	7.809013672130278
3.1735272955E9	1.1863970002750712	4.22546475905761
3.173934712E9	0.3902599802057782	2.141347383382026
3.174390402E9	0.7280059221272452	2.917076009713273
3.174700269E9	0.0	0.0
3.174882093E9	0.010278108485435063	0.13888334526140925
3.175026774E9	0.4093355502899617	2.298804968728181
3.175158132E9	0.41783657207542146	2.428554501857641
3.175275571E9	1.0519993645136112	3.167946378742497
3.1754417695E9	1.344765650815985	5.722824202402958
3.17556393E9	1.0103536467060588	3.8797404000680156
3.175664622E9	0.0	0.0
3.1758185595E9	0.0	0.0
3.176002703E9	0.1813740547340091	1.6528704816038795
3.176220675E9	0.0	0.0
3.17653979E9	0.04773348192259449	0.6035176198880082
3.1767900185E9	0.0	0.0
3.1769496365E9	0.4261339016474625	2.115281782913585
3.177107325E9	1.4867224893791124	5.5853285601691
3.1773188075E9	2.608978469171905	6.459915023151759
3.177732267E9	1.2328936562813664	4.12841972449425
3.178181544E9	0.997858846687996	3.4156472461715457
3.1784531475E9	0.945217605827976	3.9377677914574334
3.178707515E9	1.4343101017208701	5.064541902084904
3.1789749365E9	0.09791003257567439	0.5463631974749202
3.1791420025E9	0.02115084074591965	0.21052971721299282
3.179311171E9	0.03122565142656619	0.2531657163928411
3.1795419975E9	0.014520206321842996	0.14816902970957377
3.1798092875E9	0.019289963411295206	0.1553018893412484
3.180009459E9	0.022600998210754307	0.2004483783288713
3.1801782E9	0.011784710180306066	0.11910728924120259
3.180350655E9	0.0377894945205233	0.2587303428156396
3.180483934E9	0.009013971656066903	0.15217060041949512
3.180614404E9	0.03352059343865421	0.272837950994773
3.1808065105E9	0.004033739994083848	0.06963800585566862
3.180968346E9	0.01790100742891808	0.14222566011334745
3.181104254E9	0.01401353473896872	0.1300820633189093
3.181262731E9	0.014414068130495363	0.12850838016397043
3.181414059E9	0.028668811518491384	0.23149852051053493
3.181629404E9	0.09644716412457759	0.6850196978793995
3.181944132E9	0.20049419364632265	1.1936457096411937
3.18238174E9	0.015592365515847426	0.5557861421020829
3.1828098585E9	0.39209566684087993	1.8170686204060411
3.1832143505E9	0.073061546019753	0.6967742948745549
3.1837247395E9	0.0344547221199316	0.4870147741821972
3.184093866E9	0.770941504530671	3.356561591377478
3.1843949035E9	0.0	0.0
3.184831739E9	0.0	0.0
3.1851406715E9	0.2473333248170054	1.1180239910839054
3.1852969175E9	0.18566023215545438	0.9553623631468801
3.185462257E9	0.22914580340946156	0.9253104685618329
3.185626145E9	0.2777614407914943	1.1610835622480467
3.1857752395E9	0.4989322274424436	1.8011193205783174
3.185853968E9	0.0	0.0
3.1859106355E9	1.2044140934283452	4.412104562073146
3.1860551575E9	0.0	0.0
3.186157877E9	0.0	0.0
3.186331841E9	0.5217901740732784	1.9027914396099923
3.1865114995E9	0.010407993338884263	0.10201957331259656
3.1865603165E9	0.15909024851039094	0.9753315423472455
3.1866288175E9	0.0	0.0
3.186733197E9	0.17287129980720936	1.154575259056815
3.1870050445E9	0.1142664364668294	0.8965540764295556
3.187353668E9	0.004079981232086333	0.0999117314491708
3.1875080665E9	0.0	0.0
3.1878252635E9	0.13987374862033577	0.9217176077153351
3.1881593065E9	0.0	0.0
3.188616363E9	0.20150668269913818	1.0457795247658666
3.1891540955E9	0.0	0.0
3.1893095315E9	0.37090459713297086	3.154682511739719
3.1895373285E9	0.7127642166322465	3.225275940644098
3.189842686E9	0.31539659188905494	1.4983644455351721
3.1900255855E9	0.0	0.0
3.190172992E9	0.08419461910030493	1.4214043090116844
3.190356854E9	0.6726631915325122	2.969683309674938
3.1905032075E9	1.8844270323212537	4.65088355985495
3.1907416315E9	0.044208631130994595	0.40212621653637637
3.1909500505E9	0.0	0.0
3.1913364635E9	0.10172191406206751	0.9486809639447131
3.1917922925E9	0.0015865460891638901	0.048999725321692916
3.192099638E9	0.22589232638081208	2.049372841022372
3.1923953555E9	0.32717054403801393	1.656350358033212
3.1925463925E9	0.0	0.0
3.192649956E9	0.06772750998067346	0.5174184642985679
3.192797212E9	0.1603130240357742	1.3648514396108968
3.1929693325E9	0.10197652052795649	0.6868369836556066
3.1931013355E9	0.04184392217030476	0.693729700138845
3.193239551E9	0.0	0.0
3.193375081E9	0.0	0.0
3.193499288E9	0.0	0.0
3.193609535E9	0.21253599033597034	1.8909737693535718
3.19371265E9	0.2090896797078986	1.043737725050232
3.193822626E9	0.3038902932458953	1.3009393235432778
3.1939716195E9	0.6665192976815222	3.688237661180139
3.1941394915E9	0.0	0.0
3.194306856E9	0.034651835680995204	0.3342071468591616
3.194448025E9	0.0	0.0
3.1946146725E9	0.01070912238742035	0.2545917580163617
3.194817062E9	0.08634479246807733	1.0220650718183755
3.194994222E9	0.23149571837442195	1.7700033314460806
3.1952051725E9	0.0	0.0
3.1953858155E9	0.06369764849514306	0.8435586539458837
3.1955449885E9	1.1631809149002494	4.215947334954473
3.195728859E9	0.07018451138651349	0.8855686759225189
3.1959022755E9	0.019522353094292965	0.3677735304345503
3.1961046005E9	0.004122662840641828	0.1041269497094047
3.196402817E9	0.0	0.0
3.196646882E9	0.0	0.0
3.1969960915E9	0.16551913462784495	1.2804653021183352
3.197368812E9	0.0	0.0
3.1975305625E9	0.12259930957358876	0.7047046508407717
3.1976727865E9	0.0	0.0
3.1978357145E9	0.0	0.0
3.1980607345E9	0.0	0.0
3.1982458505E9	0.05708124563962707	0.6280377435869783
3.19839844E9	0.3676491122244377	2.144369361061302
3.1985858165E9	0.17919370497164172	0.9094960566168971
3.1987250355E9	0.0	0.0
3.1988798255E9	0.0	0.0
3.1990755305E9	0.26562670912383474	2.1604714630371182
3.199551419E9	0.1470175389567579	0.9965171386737643
3.200357883E9	0.07378144116147456	0.6134978174206971
3.200821358E9	0.0	0.0
3.2009583325E9	0.0	0.0
3.201131416E9	0.0	0.0
3.2012840915E9	0.013359415279167805	0.21966246787690122
3.2036862245E9	0.13486035150439585	0.8919124442658266
3.2061103155E9	0.0	0.0
3.2062742935E9	0.0	0.0
3.2064127355E9	0.038481272447408926	0.4942589853376139
3.2069103435E9	0.08455909383328739	0.8654189763317915
3.207383086E9	0.0	0.0
3.2075135E9	0.0	0.0
3.2077051795E9	0.1290903936497651	0.8683079937855727
3.2079398385E9	0.3153888042622396	2.152525084745222
3.2081340195E9	0.0	0.0
3.2082129955E9	0.12684907667021172	0.8968883870829578
3.2083384745E9	0.20238470126821448	1.189519294358587
3.2085223505E9	0.11570122529494328	1.0449781399023697
3.208661025E9	0.3396205834724751	1.3812273029829516
3.2092764015E9	0.6540478782262925	2.70011756555147
3.209967914E9	0.04420622202575013	0.6299400921657685
3.2101668585E9	0.0	0.0
3.2103350695E9	0.0014286530658894794	0.0377975272457006
3.2105128665E9	0.001009573781300221	0.0317737907921013
3.2107270375E9	0.0021221209891913303	0.06853437913006492
3.2110146235E9	0.05488380363566729	0.8661063454430777
3.2116535945E9	0.1117831854904993	1.0858127234870802
3.2122964625E9	0.22223628551443894	1.6677772227340255
3.2127588235E9	0.08884020932213703	0.7091464926052681
3.2131419755E9	0.0	0.0
3.213400089E9	0.0	0.0
3.213654064E9	0.2918710450443704	1.8485491837375863
3.2137391515E9	0.0	0.0
3.213836963E9	0.1707729757269645	1.2394513801452836
3.214069375E9	2.7410680713181033	7.084527764311346
3.2142884175E9	0.2901908593206497	2.2278470959469936
3.2144360335E9	0.0	0.0
3.214553303E9	0.1509412866347081	0.7860895980919889
3.2146747215E9	0.06305243861144519	0.5673367806990016
3.2147903805E9	0.0	0.0
3.2150399375E9	0.04577732633084481	0.5970824403075659
3.2153491055E9	0.27639550581855915	2.313281758889575
3.2155294805E9	0.0	0.0
3.2157751295E9	0.2220159973144137	1.8228309222896095
3.216024188E9	0.3468443830815389	1.7509424107028955
3.216223412E9	2.335611255728515	6.761049274825388
3.2163840345E9	0.24954100367197063	1.1805362555521939
3.2164725805E9	0.0075325856320097	0.10976841890832365
3.216654018E9	0.31307364556493034	1.887606327241661
3.216904495E9	0.29747278973238134	1.8686893435733996
3.217083728E9	0.0	0.0
3.2172614305E9	0.5855580652543806	2.859991962473529
3.217457634E9	0.3440224858810192	2.5188442337395385
3.217587192E9	0.0	0.0
3.21771413E9	0.0	0.0
3.217890871E9	0.3570135016406376	2.527289155466118
3.218178663E9	0.313147394745157	1.754194608188316
3.2184028435E9	0.2655774507358443	1.4998628024060756
3.2184832905E9	0.0	0.0
3.218662762E9	0.01637698990925468	0.23009534744729862
3.2188664205E9	0.04344536523661469	0.4764488546474041
3.219020337E9	0.0	0.0
3.2191661015E9	0.11383884767848032	0.6678087865760156
3.2193022875E9	1.021063114027013	2.792414403727649
3.219454196E9	0.0	0.0
3.219584386E9	0.38260080724681506	1.6207363743466192
3.2196504835E9	0.0	0.0
3.2197743925E9	7.825379270048621E-4	0.02797387936995622
3.2199603875E9	0.02662141026920901	0.40989556665270893
3.2201024565E9	0.0	0.0
3.2202389395E9	0.0	0.0
3.220476963E9	0.027369319644329176	0.3743406424354232
3.220649063E9	0.048274197441467534	0.3349786411890069
3.2208287895E9	0.1159371255812221	0.7422823139421943
3.221745428E9	0.26009340147745597	1.702011977580305
3.222591335E9	0.12330177141497374	1.0912248153308473
3.223357383E9	0.30735396735072623	2.102706549480369
3.224272579E9	0.025511535514687923	0.32907826068352186
3.224599475E9	0.0829438249815496	0.675194654595759
3.224731002E9	0.024438880139586002	0.28749362986495075
3.2249388235E9	0.15672211667104483	0.8811106974240807
3.225250778E9	0.17384588924448702	1.0435905634398672
3.2255215E9	0.0992172858560247	0.9887141456022405
3.225838345E9	0.057079581143752264	0.5278229077186115
3.2262481715E9	0.20944810620126253	1.2913419589548296
3.226530708E9	0.41143725827725736	2.4506713708476937
3.2266297955E9	0.27785939795567505	1.968207183546554
3.226778215E9	0.8165998874845936	3.503829655636697
3.2282244935E9	0.2368026469150656	1.5321222466849966
3.2296505745E9	0.15869106628841018	1.0141827636562823
3.2297916415E9	0.28410206084396467	1.6041683925322825
3.230024323E9	0.035923138962604906	0.34667545992454635
3.230407847E9	0.1260639262872518	0.9563831366257766
3.2307018695E9	2.265603392174408	5.78226880337114
3.231867183E9	0.3009542447089631	1.792677498208116
3.23330572E9	0.7457864318057957	3.445168786459241
3.233816353E9	0.6756744124171703	2.6948929980203067
3.233990591E9	0.41356173146634445	1.722541038564865
3.234092339E9	0.8161560934578036	2.7731185206921847
3.2350699105E9	0.12170470561890502	1.015749536418201
3.236092904E9	0.0	0.0
3.236322815E9	0.0	0.0
3.23649511E9	0.0027582909629193754	0.053559523909722635
3.236594601E9	0.0	0.0
3.236729171E9	0.1819126877225144	1.2527578131362498
3.2368745E9	0.0	0.0
3.237075284E9	0.04657196780192595	0.4914820048651831
3.237302594E9	0.0	0.0
3.2374841275E9	0.285795700985485	2.1770721919732554
3.2376355425E9	0.0	0.0
3.2377717935E9	0.0	0.0
3.237935542E9	0.5317492651068337	3.70222909595215
3.238099315E9	0.24730504348240168	1.9791365917238481
3.2382141815E9	1.2558395697670652	3.5363974388490935
3.238271533E9	1.8943533009873699	5.401627121809241
3.238490846E9	0.16337833878290814	1.5014589208790088
3.2387687855E9	0.24533256570831033	1.9079968240239509
3.2389479085E9	0.16623409777475215	1.8215909041594178
3.2391198525E9	0.14916850587691835	1.131875670962704
3.2392193625E9	0.24761330985262767	1.041941833461619
3.2393578215E9	0.10782761954466509	0.9803250962523139
3.2399685605E9	0.3260157778146755	1.622507942469047
3.2405266115E9	0.0	0.0
3.2406501915E9	0.28771448296765284	1.3711858145402946
3.240738909E9	0.26750311109595815	1.4044582677532473
3.240859956E9	0.4710766328850316	2.525430669943234
3.240983631E9	0.0	0.0
3.2410985115E9	0.0	0.0
3.241181883E9	0.0	0.0
3.2412542825E9	0.018763029881862403	0.2416931243654474
3.241426831E9	0.0	0.0
3.241564756E9	0.15910947986015297	1.202629743242522
3.241660427E9	0.3159080975927465	1.6424078728304548
3.2417601175E9	0.7642456344023606	2.8722897437885706
3.2419314205E9	0.48353301476642274	2.480414133433481
3.2421545085E9	0.0	0.0
3.242399707E9	0.5691978890953031	2.6469142716301306
3.2426836075E9	0.10467788793397707	1.1225087714184498
3.242866106E9	0.11250259052017646	1.069557839775096
3.2429652335E9	0.030900499360323554	0.30037531720719335
3.243095101E9	0.1727831657566135	0.8715777014428598
3.243318941E9	0.02843412235097536	0.35822569902197776
3.2435334785E9	0.048888395767166415	0.3980103909875517
3.2436866875E9	0.334278598377432	1.70841822213984
3.2438748725E9	0.07144257977754742	1.006701552108146
3.2440625605E9	0.0	0.0
3.2442246175E9	0.39450938021805326	1.4962752103006385
3.244495339E9	0.03566267861058204	0.49456892849272827
3.2452568215E9	0.08615907823889522	0.6547738835572915
3.245894509E9	0.06299777789656147	0.4830250769387669
3.247694351E9	0.3220858833802718	1.4751505697676728
3.2500919835E9	0.4883456033675628	1.9413629615923336
3.250850687E9	0.03615044873709193	0.5300538616294604
3.251014601E9	0.0	0.0
3.251242424E9	0.09413625281232055	1.0876454544525562
3.251455123E9	2.06354546391656	5.275251131312291
3.251615791E9	0.2941968549796156	1.8176011250375905
3.252009278E9	0.38899867039166663	2.241077168664575
3.2523936445E9	0.11232075932866221	0.849750032736626
3.2550725435E9	0.10989604786595301	0.9000091124438439
3.257664623E9	0.0	0.0
3.2577334835E9	0.04563561091010298	0.4420278303895054
3.257869521E9	0.145284183858586	0.8202275412560094
3.2581109705E9	0.18915899324739105	1.2847574074786294
3.2583179055E9	0.3286249574202339	1.5461009244489217
3.2590735355E9	0.26474188267202553	2.0053076026073677
3.259872161E9	0.0	0.0
3.2600380465E9	0.296474541880667	1.9855463399176005
3.2604816615E9	0.19372738238841977	1.0715205653486675
3.260883428E9	0.22654128328807102	0.8245568947397812
3.261057439E9	0.10159155356210928	1.031309895582612
3.2612777135E9	0.6303710820223369	2.2048221113760036
3.261638883E9	0.0	0.0
3.2639200295E9	0.3173228263913536	1.3954101620254238
3.266222435E9	0.4384164247380569	1.6094390663542173
3.2666362345E9	0.10401165377133835	0.8676317077621116
3.2668601815E9	1.1719164547234369	3.1901114355199947
3.2675016395E9	0.0777832273485771	0.5079985689344778
3.268121843E9	0.38485431821150123	1.817243566159381
3.2682916235E9	0.35665430875209536	1.440933277514864
3.270712174E9	0.21500251301777412	1.0662310360637275
3.273596916E9	0.07268091233064156	0.4830516744897959
3.274156697E9	0.0	0.0
3.2742553725E9	0.35586865530861284	1.6735243772654333
3.276754094E9	0.3347202967472021	1.4562083573203204
3.2797011955E9	0.07772859835519838	0.4967103590688155
3.2803164755E9	0.4006761284034842	1.5019205588746198
3.2814081995E9	0.15093860280753815	0.8402108702226023
3.2837113935E9	0.47402081859681267	1.800194822902319
3.28550629E9	0.07710512694440816	0.4758921852090836
3.286090435E9	0.321610801475783	1.1890378507028907
3.288419179E9	0.24758425256590724	1.1999080119952934
3.2908838135E9	0.6909471681893422	3.102051577387084
3.2915960575E9	0.3735761321041435	2.1015805158434904
3.2921279835E9	0.13680425265791119	0.9509000815998361
3.292564599E9	0.2780826613131043	1.4035648139345616
3.2934962385E9	0.3239670041244844	1.5587597340550712
3.294154042E9	0.004823015429630195	0.07316793783406443
3.294363645E9	0.029929753108879745	0.20847708837502063
3.294527371E9	0.01146109911940555	0.11937322384770478
3.294691411E9	0.027136066235155853	0.17954018045029527
3.294879044E9	0.011750938851051954	0.12415037169885214
3.2950859195E9	0.005727595555385849	0.07568087972127338
3.2952684415E9	0.009644317568088883	0.09820548644596636
3.2954315565E9	0.021089878030205393	0.16487119051293836
3.295609155E9	0.0016260250733066304	0.040324001206559726
3.2957867445E9	0.024607452542770095	0.2195879986458395
3.2959746815E9	0.019006403696014505	0.1717099091871175
3.296162611E9	0.026367444994580026	0.21884926085001832
3.2963402015E9	0.00812937631424917	0.09016305404238019
3.2965279255E9	0.031424800452517124	0.2396977475085769
3.296684947E9	0.009747301215975827	0.10019840444066513
3.296831853E9	0.03163426107638503	0.22800358703799536
3.297016206E9	0.03939294462261054	0.2751824130839309
3.2972563205E9	0.011161347015136913	0.12091150874687653
3.2974914E9	0.03651262404554766	0.2564100926874768
3.2976800435E9	0.02851831509569479	0.22856361985176715
3.297867821E9	0.03383404134197623	0.2248026750349216
3.298061309E9	0.05603343078999666	0.44482047030868105
3.2982467695E9	0.0157216070714907	0.13827020520050723
3.2984397095E9	0.013906142806815864	0.17601956190601584
3.298632844E9	0.07200783407706246	0.3837196564280199
3.298806803E9	0.0033825494275035095	0.059406452253623045
3.298903778E9	0.0	0.0
