#Position (bp)	insert size
4123641.0	415.02562038900066
1.2370922E7	403.0112119594234
2.0618203E7	398.9735627883776
2.8865484E7	405.6531765189256
3.7112765E7	399.63668792562964
4.5360046E7	409.58778696904915
5.3607327E7	383.78783490224475
6.1854608E7	376.75453962828453
7.0101889E7	375.31908448333894
7.834917E7	379.2974385781495
8.6596451E7	382.7028050249527
9.4843732E7	382.60911185959935
1.03091013E8	379.9012379642366
1.11338294E8	400.89131310418907
1.19585575E8	387.38549547887067
1.27832856E8	0.0
1.36080137E8	0.0
1.44327418E8	382.8554009467795
1.52574699E8	409.47912166111774
1.6082198E8	405.2013151511885
1.69069261E8	379.81978947368424
1.77316542E8	382.159771555927
1.85563823E8	380.833741888969
1.93811104E8	390.6783071914768
2.02058385E8	398.8777909114789
2.10305666E8	387.60127279402764
2.18552947E8	383.5364516718436
2.26800228E8	400.1177296007858
2.35047509E8	383.7787298387097
2.4329479E8	387.4310816087466
2.481874265E8	415.81415535277097
2.4904395E8	0.0
2.491474935E8	0.0
2.492273505E8	181.0
2.493246215E8	0.0
2.493781395E8	0.0
2.494193325E8	320.2142857142857
2.49528459E8	0.0
2.49636853E8	446.2068965517241
2.49678084E8	0.0
2.52682327E8	388.7385654885655
2.59789352E8	376.1827848101266
2.68036633E8	397.74688334817455
2.76283914E8	406.3577624066755
2.84531195E8	371.7499189101525
2.92778476E8	383.6380162372044
3.01025757E8	386.62927520822257
3.09273038E8	383.1295876755777
3.17520319E8	386.345259104765
3.257676E8	412.01869606903165
3.34014881E8	390.61344672657253
3.42262162E8	402.7338670936749
3.50509443E8	389.9127677396195
3.58756724E8	391.74851270957276
3.67004005E8	388.3960010386912
3.75251286E8	387.7861386138614
3.83498567E8	402.35979268957993
3.91745848E8	367.4690885914595
3.99993129E8	381.32660703141255
4.0824041E8	373.6049779205139
4.16487691E8	386.69932552360666
4.24734972E8	410.03663003663
4.32982253E8	396.48169128059885
4.41229534E8	382.3571223846374
4.49476815E8	380.18018485824075
4.57724096E8	377.07982218786236
4.65971377E8	410.5455754002659
4.74218658E8	386.2723855847889
4.82465939E8	396.61457643161384
4.892410255E8	396.632092674032
4.91973207E8	0.0
4.92130842E8	0.0
4.93522301E8	357.6731234866828
4.98960501E8	393.5121887287025
5.07207782E8	379.38148667601683
5.15455063E8	377.4244846445099
5.23702344E8	379.99133126934987
5.31949625E8	401.25245344254694
5.40196906E8	417.5885790298827
5.48444187E8	402.4061203319502
5.56691468E8	382.940499801666
5.64938749E8	392.81701833275685
5.7318603E8	358.80345911949684
5.81433311E8	396.3244406196213
5.89680592E8	390.86795121088915
5.97927873E8	370.47723382403285
6.06175154E8	388.182298805561
6.14422435E8	386.7518241517694
6.22669716E8	391.01067556296914
6.30916997E8	381.35940902021775
6.39164278E8	385.8225611232147
6.47411559E8	389.8873848467757
6.5565884E8	381.9683069224354
6.63906121E8	376.3884520884521
6.72153402E8	375.9757146471035
6.80400683E8	403.13485562154415
6.87513812E8	387.54529561347744
6.90580999E8	0.0
6.91715151E8	407.8369461486026
6.96895245E8	406.15293877342594
7.05142526E8	398.76672694394216
7.13389807E8	376.9169618260527
7.21637088E8	413.7062706270627
7.29884369E8	388.96739590684547
7.3813165E8	371.2162162162162
7.46378931E8	385.99202869669193
7.54626212E8	358.5509688289806
7.62873493E8	380.09950768312694
7.71120774E8	384.46555944055945
7.79368055E8	386.6502194907814
7.87615336E8	377.99265879348866
7.95862617E8	373.6612244897959
8.04109898E8	389.8370627851401
8.12357179E8	391.9816159431485
8.2060446E8	384.668034889687
8.28851741E8	384.3722334004024
8.37099022E8	386.94886778670565
8.45346303E8	387.53815461346636
8.53593584E8	391.556202878684
8.61840865E8	372.0868945868946
8.70088146E8	385.4085127201566
8.775425195E8	394.343321761374
8.80978107E8	0.0
8.817710145E8	399.6184863523573
8.86582708E8	389.884031122638
8.94829989E8	390.7446409012674
9.0307727E8	376.3407407407407
9.11324551E8	385.35820895522386
9.19571832E8	379.1911092646448
9.27819113E8	386.9345142243693
9.36066394E8	381.1668266922708
9.44313675E8	384.45046634736576
9.52560956E8	391.6667251359411
9.60808237E8	390.5514774082417
9.69055518E8	374.5016548463357
9.77302799E8	374.97066961815165
9.8555008E8	369.86245059288535
9.93797361E8	385.34137769447045
1.002044642E9	389.0091123860952
1.010291923E9	384.81560838285895
1.018539204E9	413.3468504249742
1.026786485E9	392.61424064894095
1.035033766E9	394.97233278322494
1.043281047E9	385.1962375507193
1.051528328E9	381.83692781690144
1.0591365945E9	410.973326747345
1.062667565E9	0.0
1.0633065795E9	373.0253456221198
1.06802289E9	398.9225736095965
1.076270171E9	395.6614881439084
1.084517452E9	380.3790776152981
1.092764733E9	413.19297534616686
1.101012014E9	395.17595560071913
1.109259295E9	405.51310344827584
1.117506576E9	391.3386271870794
1.125753857E9	395.76826608505996
1.134001138E9	387.6893857173866
1.142248419E9	380.95360678925033
1.1504957E9	386.6825581395349
1.158742981E9	383.87799918666127
1.166990262E9	388.1767001114827
1.175237543E9	392.88098263447694
1.183484824E9	374.56835177983845
1.191732105E9	384.2787437899219
1.199979386E9	385.9418223848969
1.208226667E9	388.002599814299
1.216473948E9	386.6955248849854
1.224721229E9	381.6224362404138
1.231182379E9	381.25050916496946
1.2353060195E9	403.272467663363
1.241215791E9	394.54579083062436
1.249463072E9	370.694347826087
1.257710353E9	383.9659546061415
1.265957634E9	380.2728112728113
1.274204915E9	401.20278384279476
1.282452196E9	395.341103471407
1.290699477E9	376.58053461274847
1.298946758E9	400.6502713704206
1.307194039E9	397.8733003708282
1.31544132E9	391.8342877594846
1.323688601E9	390.3524919614148
1.331935882E9	404.9552133687614
1.340183163E9	379.29912782774596
1.348430444E9	382.12613669697856
1.356677725E9	387.44240625842997
1.364925006E9	398.43215152986886
1.373172287E9	393.2208358693447
1.381419568E9	413.71537909591007
1.389204535E9	388.28919491525426
1.3933281755E9	384.595
1.39791413E9	392.17461863031485
1.406161411E9	393.34125874125874
1.414408692E9	397.00010388531064
1.422655973E9	389.32396797990896
1.430903254E9	395.1973574176284
1.439150535E9	375.3343858541206
1.447397816E9	388.94267374944667
1.455645097E9	392.52650669642856
1.463892378E9	374.3495891863239
1.472139659E9	399.4295638749518
1.48038694E9	368.4183501683502
1.488634221E9	381.651701407447
1.496881502E9	381.5045971978984
1.505128783E9	377.5902834008097
1.513376064E9	373.75044682752457
1.521623345E9	375.70603773584907
1.529870626E9	369.91288191577206
1.535999382E9	424.64252457320225
1.5401230225E9	390.2924037460978
1.546365188E9	382.73032188260754
1.554612469E9	376.4613810741688
1.56285975E9	386.57053600789214
1.571107031E9	413.1869204489995
1.579354312E9	402.9283136877556
1.587601593E9	0.0
1.595848874E9	420.21044045676996
1.604096155E9	400.08313885647607
1.612343436E9	378.3607966457023
1.620590717E9	388.87087434858137
1.628837998E9	401.4072270630446
1.637085279E9	388.0708362614195
1.64533256E9	389.03000319182894
1.653579841E9	395.57881103484004
1.661827122E9	395.2723474696516
1.670074403E9	399.343458051452
1.675298629E9	420.3563660960508
1.6764192455E9	0.0
1.6764583035E9	0.0
1.676565753E9	0.0
1.6766737005E9	0.0
1.679569275E9	393.74116657319126
1.686568965E9	373.87991213082745
1.694816246E9	372.279632721202
1.703063527E9	390.0120879120879
1.711310808E9	388.14134007585335
1.719558089E9	398.3199510403917
1.72780537E9	394.9200514874142
1.736052651E9	395.8532504780115
1.744299932E9	385.02550799827065
1.752547213E9	402.0537804198402
1.760794494E9	396.5358153712171
1.769041775E9	383.107605344296
1.777289056E9	403.05317496115873
1.785536337E9	377.37987012987014
1.793783618E9	377.3147040302267
1.802030899E9	392.3496596823702
1.8083225935E9	400.50216090425533
1.812446234E9	418.0109377698463
1.818525461E9	410.86918057197914
1.826772742E9	388.3361196138451
1.835020023E9	374.9897859922179
1.843267304E9	388.17812151172063
1.851514585E9	393.60070175438597
1.859761866E9	408.79608788853164
1.868009147E9	406.6909928476179
1.876256428E9	415.8788057993132
1.884503709E9	398.7350630630631
1.89275099E9	391.67229977957385
1.900998271E9	391.09290709290707
1.909245552E9	392.1170589460529
1.917492833E9	380.6533764367816
1.925740114E9	402.356537930206
1.933987395E9	399.5288913464197
1.9418441525E9	400.28409305844525
1.9456274275E9	360.0
1.946017951E9	388.6333622936577
1.950481957E9	404.46888617744463
1.958729238E9	387.35643564356434
1.966976519E9	362.35463521667583
1.9752238E9	379.9056838365897
1.983471081E9	394.3393232651501
1.991718362E9	410.851691904007
1.999965643E9	411.71362393120273
2.008212924E9	374.38157528527694
2.016460205E9	382.26107277987984
2.024707486E9	378.8547393364929
2.032954767E9	384.40301576422206
2.041202048E9	374.3414028553693
2.049449329E9	372.2282507015903
2.05769661E9	385.03821552910694
2.065943891E9	390.9693727173704
2.074191172E9	399.91933458882613
2.0786338535E9	405.05848484848485
2.082757494E9	0.0
2.090685734E9	0.0
2.098933015E9	395.82693176683233
2.107180296E9	388.8600173891442
2.115427577E9	390.9112285818447
2.123674858E9	385.1019557550497
2.131922139E9	393.2277870913663
2.14016942E9	407.9539800995025
2.148416701E9	394.5174418604651
2.156663982E9	383.78685853923434
2.164911263E9	429.5534351145038
2.173158544E9	369.8887744593203
2.181405825E9	398.1418096723869
2.189423344E9	392.05527065527065
2.1935469845E9	0.0
2.197900387E9	0.0
2.206147668E9	0.0
2.214394949E9	415.28807245922206
2.22264223E9	390.78372352285396
2.230889511E9	388.6653517422748
2.239136792E9	398.0107700592353
2.247384073E9	377.4525231412362
2.255631354E9	387.96168990103223
2.263878635E9	394.23616946778714
2.272125916E9	392.55517778722196
2.280373197E9	386.5252236135957
2.288620478E9	389.3216454997239
2.2965525295E9	408.00358328502926
2.300461795E9	0.0
2.300668236E9	396.2
2.3008708475E9	391.0
2.300979636E9	0.0
2.3010753705E9	0.0
2.301178399E9	337.0
2.301217234E9	0.0
2.3013234165E9	0.0
2.301431691E9	0.0
2.3053461205E9	0.0
2.313362321E9	0.0
2.321609602E9	400.61182994454714
2.329856883E9	399.8775150905433
2.338104164E9	403.6837771904859
2.346351445E9	408.3904295604942
2.354598726E9	377.2791080704422
2.362846007E9	387.753339269813
2.371093288E9	392.4917536534447
2.379340569E9	405.01277852693767
2.38758785E9	404.2824253668409
2.395835131E9	401.15744932099983
2.4017017605E9	387.9475169300226
2.4036688735E9	392.6969696969697
2.406049525E9	420.42493422070885
2.412329693E9	394.0743004937691
2.420576974E9	381.95279028516853
2.428824255E9	399.2066918133557
2.437071536E9	415.5171086213609
2.445318817E9	0.0
2.453566098E9	387.83436509134833
2.461813379E9	396.992348440259
2.47006066E9	413.7727441171021
2.478307941E9	401.27585928675165
2.486555222E9	390.9360531002105
2.4924551025E9	415.2246388315606
2.495167722E9	397.4782608695652
2.4975151225E9	411.08218990120747
2.503049784E9	411.9300304111492
2.511297065E9	402.8559296557944
2.519544346E9	399.8729329852045
2.527791627E9	404.9169628109515
2.536038908E9	407.1706110303785
2.544286189E9	409.937203889951
2.55253347E9	396.4033283254363
2.560780751E9	395.44036144578314
2.569028032E9	412.2907428177034
2.5762566075E9	411.80652979754774
2.579454338E9	0.0
2.579687553E9	164.0
2.579884248E9	0.0
2.5806697385E9	382.8509212730318
2.585522594E9	386.8143459915612
2.593769875E9	380.266951161688
2.602017156E9	376.51730769230767
2.610264437E9	387.51989819527995
2.618511718E9	378.1424242424242
2.626758999E9	399.94597544338336
2.63500628E9	388.68144863266815
2.643253561E9	383.72626009468115
2.651500842E9	396.64807517429523
2.6579691455E9	401.07597684515196
2.662092786E9	414.658262272413
2.667995404E9	411.08561196545185
2.676242685E9	409.70061651159085
2.684489966E9	406.3235393448159
2.692737247E9	409.5667141876551
2.700984528E9	410.3568259856137
2.709231809E9	412.60262875749515
2.716143437E9	414.2325973938289
2.7202670775E9	393.22717866176134
2.725726371E9	405.4326402734264
2.733973652E9	374.48115501519754
2.742220933E9	395.31276761385755
2.750468214E9	398.5809914470239
2.758715495E9	392.24485125858126
2.766962776E9	398.5257980187122
2.775210057E9	400.92256097560977
2.7813546445E9	419.2887766247952
2.785478285E9	0.0
2.791704619E9	394.15273037542664
2.7999519E9	380.32796486090774
2.808199181E9	380.3333333333333
2.816446462E9	388.61587889348726
2.824693743E9	387.5024429967427
2.829451479E9	403.37553271496614
2.8335751195E9	0.0
2.841188305E9	303.0
2.849435586E9	411.5129079123827
2.857682867E9	401.33569124554356
2.865930148E9	396.6687870464074
2.874177429E9	392.7148028962188
2.879602556E9	422.4077975943592
2.8809794195E9	458.3333333333333
2.881075568E9	0.0
2.8811862255E9	0.0
2.8813586365E9	395.32758620689657
2.881462567E9	0.0
2.8815749325E9	0.0
2.8817178115E9	0.0
2.881819418E9	0.0
2.881906098E9	0.0
2.8842457205E9	396.6875761266748
2.890671991E9	393.7302137492779
2.898919272E9	380.957071547421
2.907166553E9	405.87651230705046
2.915413834E9	392.9652025099829
2.923661115E9	389.0626398210291
2.931908396E9	410.5023305084746
2.940155677E9	403.5847568988173
2.948402958E9	402.418896999189
2.956650239E9	409.26439840334535
2.96489752E9	390.203941730934
2.973144801E9	402.7586206896552
2.981392082E9	407.7574297188755
2.989639363E9	395.5782200110558
2.997886644E9	395.21440972222223
3.006133925E9	395.7578277886497
3.014381206E9	399.2391615054788
3.022628487E9	393.2505592841163
3.030875768E9	406.1733511586453
3.036491697E9	419.28222846037573
3.0406153375E9	401.57424118129614
3.04737033E9	393.880174291939
3.055617611E9	398.9619140625
3.063864892E9	392.7105643994211
3.072112173E9	0.0
3.080359454E9	0.0
3.088606735E9	0.0
3.093970888E9	417.81875
3.0952300205E9	0.0
3.0952497775E9	0.0
3.095251997E9	0.0
3.0952540505E9	0.0
3.0952557575E9	0.0
3.0952672315E9	0.0
3.0952801775E9	0.0
3.095282986E9	0.0
3.0952843085E9	0.0
3.0952861685E9	0.0
3.0952878055E9	0.0
3.095294504E9	0.0
3.0953195485E9	0.0
3.095338983E9	0.0
3.0953408955E9	0.0
3.095343463E9	0.0
3.095345222E9	0.0
3.095346809E9	0.0
3.095349042E9	0.0
3.0953512725E9	0.0
3.095353364E9	0.0
3.095355108E9	0.0
3.095356321E9	0.0
3.0953577535E9	0.0
3.095359376E9	0.0
3.095556087E9	0.0
3.095752734E9	0.0
3.0957542375E9	0.0
3.0957570845E9	0.0
3.095805536E9	0.0
3.09590828E9	0.0
3.09596656E9	0.0
3.095969795E9	0.0
3.0959721615E9	0.0
3.0959744135E9	0.0
3.095976482E9	0.0
3.0959781075E9	0.0
3.095990102E9	0.0
3.0960705095E9	0.0
3.0961424095E9	0.0
3.09614931E9	0.0
3.096156554E9	0.0
3.096162411E9	0.0
3.096166714E9	0.0
3.09616929E9	0.0
3.096171731E9	0.0
3.0961743065E9	0.0
3.096175887E9	0.0
3.096222038E9	0.0
3.0962682935E9	0.0
3.096269694E9	0.0
3.0962711935E9	0.0
3.096273378E9	0.0
3.096275639E9	0.0
3.0962799385E9	0.0
3.096298978E9	0.0
3.0963367315E9	0.0
3.096361311E9	0.0
3.09636591E9	0.0
3.0963714185E9	0.0
3.0963777495E9	0.0
3.096382349E9	0.0
3.0963867675E9	0.0
3.0963904915E9	0.0
3.0963918375E9	0.0
3.0963930415E9	0.0
3.096395075E9	0.0
3.0963969485E9	0.0
3.0963981865E9	0.0
3.0963996145E9	0.0
3.0964008415E9	0.0
3.096401915E9	0.0
3.096403377E9	0.0
3.096405706E9	0.0
3.0964088985E9	0.0
3.0964148235E9	0.0
3.0964195075E9	0.0
3.096420554E9	0.0
3.0964217255E9	0.0
3.096423568E9	0.0
3.09642553E9	0.0
3.09642687E9	0.0
3.0964283815E9	0.0
3.0964299295E9	0.0
3.0964310225E9	0.0
3.0964324015E9	0.0
3.0964340375E9	0.0
3.0964356545E9	0.0
3.0964371835E9	0.0
3.0964386665E9	0.0
3.096439981E9	0.0
3.0964414315E9	0.0
3.0964428915E9	0.0
3.096445494E9	0.0
3.0964481695E9	0.0
3.0964500655E9	0.0
3.0964522185E9	0.0
3.096453769E9	0.0
3.0964556835E9	0.0
3.096458275E9	0.0
3.0964636735E9	0.0
3.0964714905E9	0.0
3.0965667595E9	289.3333333333333
3.0967478065E9	0.0
3.0969183065E9	0.0
3.097089054E9	0.0
3.0972576165E9	0.0
3.0973438365E9	0.0
3.09743346E9	341.27272727272725
3.0976209085E9	0.0
3.0978104735E9	356.25
3.097915655E9	0.0
3.0979698435E9	359.0
3.098102454E9	0.0
3.098248482E9	0.0
3.098374522E9	0.0
3.0985283265E9	0.0
3.0986781225E9	0.0
3.098767366E9	0.0
3.0988127105E9	0.0
3.098864278E9	0.0
3.098902735E9	0.0
3.0989608915E9	0.0
3.099036312E9	0.0
3.0991407965E9	0.0
3.099303025E9	0.0
3.0994846985E9	247.0
3.099653576E9	0.0
3.099967721E9	411.01781472684087
3.100340622E9	409.3722943722944
3.100728804E9	408.70388349514565
3.101515147E9	406.1138923654568
3.1022054085E9	389.04627249357327
3.1025331485E9	396.5936739659367
3.1027912175E9	430.6140350877193
3.1029573855E9	386.9225352112676
3.103062931E9	0.0
3.1031786555E9	422.01724137931035
3.10334208E9	0.0
3.103482767E9	0.0
3.1038287865E9	351.7890625
3.1041653075E9	419.6216216216216
3.1044847005E9	364.1625441696113
3.1048490495E9	416.78918322295806
3.10508024E9	402.5238095238095
3.105629184E9	359.24867724867727
3.1062829545E9	351.4943820224719
3.10667802E9	379.1159420289855
3.106949138E9	338.23595505617976
3.1071604535E9	405.1696113074205
3.107433246E9	416.3690322580645
3.107642847E9	0.0
3.107807231E9	420.0091556459817
3.108016786E9	0.0
3.1083486805E9	407.2682926829268
3.108735868E9	391.9556313993174
3.1090516455E9	410.46478873239437
3.109292268E9	393.95652173913044
3.1095754895E9	400.18781725888323
3.110268924E9	384.05493387589013
3.1108372965E9	0.0
3.111178416E9	404.03846153846155
3.111696332E9	348.868778280543
3.112024148E9	409.0112359550562
3.1123518825E9	405.2584933530281
3.112689607E9	385.7307692307692
3.112942537E9	360.1653543307087
3.113198274E9	414.0689655172414
3.113375336E9	0.0
3.1136852375E9	408.125
3.1140417195E9	388.14864864864865
3.1144303125E9	322.8279569892473
3.1148938345E9	411.0266963292547
3.115306268E9	371.0521739130435
3.1157007715E9	412.97297297297297
3.116016147E9	0.0
3.116211793E9	322.0
3.1163825765E9	0.0
3.116618425E9	290.0
3.116824178E9	0.0
3.116974473E9	337.5726495726496
3.117223447E9	373.6222222222222
3.117423554E9	0.0
3.11752243E9	341.35714285714283
3.117654662E9	0.0
3.1179713535E9	380.3257142857143
3.1183238915E9	383.258064516129
3.1185300955E9	417.13461538461536
3.1186638935E9	415.76612903225805
3.1188122E9	389.40909090909093
3.1189417835E9	0.0
3.119031296E9	0.0
3.1192646035E9	0.0
3.119573191E9	0.0
3.11979312E9	0.0
3.1199932505E9	375.675
3.1202658475E9	379.72522522522524
3.120630526E9	406.9836734693878
3.1208975455E9	0.0
3.121056931E9	428.9718875502008
3.1212748515E9	421.26335877862596
3.122440861E9	388.34774066797644
3.123559647E9	0.0
3.123731843E9	407.6666666666667
3.123905589E9	0.0
3.124156243E9	0.0
3.124488596E9	390.7718120805369
3.1246848165E9	391.31756756756755
3.1249839605E9	427.56075972708834
3.125478813E9	400.8201438848921
3.1258153425E9	405.58040935672517
3.1259283855E9	0.0
3.1260669835E9	397.08429118773944
3.126229539E9	307.3333333333333
3.1264622605E9	413.09929078014187
3.1268141995E9	0.0
3.1271087395E9	0.0
3.1273657625E9	401.5339366515837
3.127558334E9	418.0558139534884
3.12766468E9	0.0
3.127828692E9	411.02941176470586
3.128042349E9	0.0
3.128360835E9	0.0
3.128664108E9	352.17857142857144
3.128969306E9	383.86710963455147
3.1294982675E9	416.90822784810126
3.1301334265E9	417.8893346706787
3.1305637235E9	373.625
3.1308685615E9	378.3829787234043
3.132525107E9	401.50729517396184
3.135708871E9	410.14610011641446
3.1375838995E9	0.0
3.1377919885E9	0.0
3.1379456385E9	0.0
3.13807759E9	387.1777777777778
3.1381825785E9	390.53125
3.1383378E9	412.0295358649789
3.1385240455E9	429.33281573498965
3.1386262505E9	420.3888888888889
3.1387278365E9	0.0
3.138876827E9	0.0
3.1392287105E9	362.98039215686276
3.139683903E9	376.8333333333333
3.1400953865E9	377.75849731663686
3.1405015935E9	400.9656925031766
3.1406793795E9	0.0
3.140919565E9	0.0
3.1413571285E9	0.0
3.1417136825E9	407.8521303258145
3.141952908E9	0.0
3.1421298615E9	406.1463414634146
3.14226876E9	415.2686567164179
3.142455731E9	386.6341463414634
3.1426861345E9	361.37278106508876
3.1428269075E9	0.0
3.142876723E9	0.0
3.142986396E9	416.71289614057105
3.143306311E9	406.983286908078
3.1436587875E9	421.0313588850174
3.1438552095E9	412.9230769230769
3.1440183465E9	414.34183673469386
3.1442055865E9	368.56888888888886
3.1444308725E9	395.957783641161
3.1447233165E9	0.0
3.144946377E9	413.23943661971833
3.1451891185E9	418.7418738049713
3.145452005E9	330.1012658227848
3.145651126E9	385.66190476190474
3.145842373E9	387.3333333333333
3.146075901E9	383.17021276595744
3.1463176985E9	419.045197740113
3.146431306E9	0.0
3.1465845315E9	364.45652173913044
3.146769566E9	417.3582474226804
3.146878665E9	360.57894736842104
3.1474567455E9	382.9640410958904
3.14807643E9	410.60213143872113
3.1484432145E9	386.3410852713178
3.148819422E9	0.0
3.148977379E9	420.9751724137931
3.1491170515E9	0.0
3.1493622605E9	0.0
3.14955241E9	419.28205128205127
3.149628021E9	395.5632911392405
3.149748357E9	0.0
3.1499742105E9	422.1391509433962
3.1502921685E9	0.0
3.1504971245E9	0.0
3.1507112895E9	321.54285714285714
3.1509737455E9	0.0
3.151061473E9	0.0
3.151082855E9	0.0
3.1511749635E9	0.0
3.1513110845E9	384.5
3.1514522965E9	368.3181818181818
3.1515644655E9	388.82142857142856
3.1517003225E9	344.1341463414634
3.152003074E9	440.0
3.152563988E9	411.62639925373134
3.1532707765E9	421.85440322987637
3.1537483565E9	0.0
3.1539663695E9	404.14864864864865
3.156380446E9	396.4762126865672
3.158879927E9	391.8279569892473
3.159249488E9	321.5
3.16219797E9	401.3560723514212
3.1659520495E9	406.5981308411215
3.1671347315E9	409.75233644859816
3.167415562E9	422.3433070866142
3.1677021975E9	410.9859894921191
3.1684641165E9	393.39102564102564
3.169090285E9	429.0731707317073
3.169183024E9	424.65733672603903
3.1692563895E9	401.72727272727275
3.169526105E9	381.39823008849555
3.17072987E9	387.5484317343173
3.171828911E9	398.38646288209605
3.172098126E9	395.8263157894737
3.172271162E9	414.02797202797206
3.1723950345E9	0.0
3.172647101E9	384.1301247771836
3.172955559E9	381.10687022900765
3.1731654725E9	419.0684824902724
3.173311788E9	422.4402451481103
3.1735272955E9	417.43549862763035
3.173934712E9	391.45845272206304
3.174390402E9	403.02197802197804
3.174700269E9	0.0
3.174882093E9	362.5
3.175026774E9	399.008547008547
3.175158132E9	396.328
3.175275571E9	409.0960784313726
3.1754417695E9	420.47261904761905
3.17556393E9	415.5811518324607
3.175664622E9	0.0
3.1758185595E9	0.0
3.176002703E9	405.6774193548387
3.176220675E9	0.0
3.17653979E9	376.9384615384615
3.1767900185E9	0.0
3.1769496365E9	391.74294670846393
3.177107325E9	410.7847533632287
3.1773188075E9	426.1570934256055
3.177732267E9	417.42892521050027
3.178181544E9	405.40430267062317
3.1784531475E9	423.1215596330275
3.178707515E9	414.547052154195
3.1789749365E9	391.66037735849056
3.1791420025E9	385.75
3.179311171E9	362.70588235294116
3.1795419975E9	384.35714285714283
3.1798092875E9	406.3333333333333
3.180009459E9	389.5
3.1801782E9	351.14285714285717
3.180350655E9	383.1904761904762
3.180483934E9	393.6666666666667
3.180614404E9	363.3333333333333
3.1808065105E9	367.0
3.180968346E9	391.1666666666667
3.181104254E9	355.125
3.181262731E9	405.0
3.181414059E9	389.3333333333333
3.181629404E9	374.04545454545456
3.181944132E9	355.71729957805906
3.18238174E9	370.22222222222223
3.1828098585E9	367.2607709750567
3.1832143505E9	352.4782608695652
3.1837247395E9	373.58730158730157
3.184093866E9	420.3798767967146
3.1843949035E9	0.0
3.184831739E9	0.0
3.1851406715E9	420.72868217054264
3.1852969175E9	427.3854166666667
3.185462257E9	410.54887218045116
3.185626145E9	415.5211267605634
3.1857752395E9	424.551867219917
3.185853968E9	0.0
3.1859106355E9	404.5752427184466
3.1860551575E9	0.0
3.186157877E9	0.0
3.186331841E9	405.6282722513089
3.1865114995E9	330.0
3.1865603165E9	371.1388888888889
3.1866288175E9	0.0
3.186733197E9	399.0617283950617
3.1870050445E9	398.0
3.187353668E9	468.5
3.1875080665E9	0.0
3.1878252635E9	403.8333333333333
3.1881593065E9	0.0
3.188616363E9	419.9675213675214
3.1891540955E9	0.0
3.1893095315E9	351.024
3.1895373285E9	415.52364066193854
3.189842686E9	405.29739776951675
3.1900255855E9	0.0
3.190172992E9	404.90384615384613
3.190356854E9	425.93398533007337
3.1905032075E9	422.8393632416787
3.1907416315E9	322.962962962963
3.1909500505E9	0.0
3.1913364635E9	385.0204081632653
3.1917922925E9	223.0
3.192099638E9	417.4625
3.1923953555E9	406.353591160221
3.1925463925E9	0.0
3.192649956E9	312.4375
3.192797212E9	376.21008403361344
3.1929693325E9	377.075
3.1931013355E9	384.3
3.193239551E9	0.0
3.193375081E9	0.0
3.193499288E9	0.0
3.193609535E9	429.2077922077922
3.19371265E9	380.6268656716418
3.193822626E9	345.248
3.1939716195E9	425.174025974026
3.1941394915E9	0.0
3.194306856E9	311.7
3.194448025E9	0.0
3.1946146725E9	394.0
3.194817062E9	387.7692307692308
3.194994222E9	385.8721804511278
3.1952051725E9	0.0
3.1953858155E9	394.4583333333333
3.1955449885E9	393.1520190023753
3.195728859E9	376.44736842105266
3.1959022755E9	376.6666666666667
3.1961046005E9	319.6666666666667
3.196402817E9	0.0
3.196646882E9	0.0
3.1969960915E9	378.5154320987654
3.197368812E9	0.0
3.1975305625E9	338.07462686567163
3.1976727865E9	0.0
3.1978357145E9	0.0
3.1980607345E9	0.0
3.1982458505E9	343.1666666666667
3.19839844E9	386.7477064220183
3.1985858165E9	355.32758620689657
3.1987250355E9	0.0
3.1988798255E9	0.0
3.1990755305E9	418.3082191780822
3.199551419E9	381.1735751295337
3.200357883E9	374.1231527093596
3.200821358E9	0.0
3.2009583325E9	0.0
3.201131416E9	0.0
3.2012840915E9	378.6666666666667
3.2036862245E9	418.0463228271251
3.2061103155E9	0.0
3.2062742935E9	0.0
3.2064127355E9	425.75
3.2069103435E9	369.1142857142857
3.207383086E9	0.0
3.2075135E9	0.0
3.2077051795E9	410.5882352941176
3.2079398385E9	429.4526315789474
3.2081340195E9	0.0
3.2082129955E9	424.11764705882354
3.2083384745E9	376.36879432624113
3.2085223505E9	387.3666666666667
3.208661025E9	351.06666666666666
3.2092764015E9	402.9244186046512
3.209967914E9	360.55
3.2101668585E9	0.0
3.2103350695E9	400.0
3.2105128665E9	0.0
3.2107270375E9	280.0
3.2110146235E9	405.1509433962264
3.2116535945E9	380.7057220708447
3.2122964625E9	397.6877828054299
3.2127588235E9	361.3027027027027
3.2131419755E9	0.0
3.213400089E9	0.0
3.213654064E9	406.83846153846156
3.2137391515E9	0.0
3.213836963E9	406.8333333333333
3.214069375E9	423.2129263913824
3.2142884175E9	434.703125
3.2144360335E9	0.0
3.214553303E9	330.52777777777777
3.2146747215E9	375.47222222222223
3.2147903805E9	0.0
3.2150399375E9	391.97014925373134
3.2153491055E9	410.0969696969697
3.2155294805E9	0.0
3.2157751295E9	408.469298245614
3.216024188E9	383.79816513761466
3.216223412E9	423.74953959484344
3.2163840345E9	411.64285714285717
3.2164725805E9	465.5
3.216654018E9	390.83116883116884
3.216904495E9	415.18811881188117
3.217083728E9	0.0
3.2172614305E9	414.34183673469386
3.217457634E9	424.94520547945206
3.217587192E9	0.0
3.21771413E9	0.0
3.217890871E9	412.5074626865672
3.218178663E9	412.1929411764706
3.2184028435E9	358.40909090909093
3.2184832905E9	0.0
3.218662762E9	306.6923076923077
3.2188664205E9	315.0
3.219020337E9	0.0
3.2191661015E9	340.98275862068965
3.2193022875E9	390.3931203931204
3.219454196E9	0.0
3.219584386E9	381.58762886597935
3.2196504835E9	0.0
3.2197743925E9	0.0
3.2199603875E9	365.9375
3.2201024565E9	0.0
3.2202389395E9	0.0
3.220476963E9	340.5357142857143
3.220649063E9	355.6666666666667
3.2208287895E9	336.48387096774195
3.221745428E9	384.5970836531082
3.222591335E9	390.9178082191781
3.223357383E9	410.83613752743236
3.224272579E9	378.7560975609756
3.224599475E9	388.7647058823529
3.224731002E9	395.6666666666667
3.2249388235E9	367.8333333333333
3.225250778E9	403.07471264367814
3.2255215E9	377.17283950617286
3.225838345E9	362.3835616438356
3.2262481715E9	414.50830564784053
3.226530708E9	415.9402173913044
3.2266297955E9	404.8833333333333
3.226778215E9	410.56735340729
3.2282244935E9	375.9976110845676
3.2296505745E9	358.45
3.2297916415E9	385.25882352941176
3.230024323E9	355.97727272727275
3.230407847E9	369.1890243902439
3.2307018695E9	425.1227242076871
3.231867183E9	398.4344146685473
3.23330572E9	418.46547036432844
3.233816353E9	400.5279106858054
3.233990591E9	398.4646464646465
3.234092339E9	411.1108033240997
3.2350699105E9	407.94316644113667
3.236092904E9	0.0
3.236322815E9	0.0
3.23649511E9	294.0
3.236594601E9	0.0
3.236729171E9	377.7962962962963
3.2368745E9	0.0
3.237075284E9	356.5777777777778
3.237302594E9	0.0
3.2374841275E9	417.97354497354496
3.2376355425E9	0.0
3.2377717935E9	0.0
3.237935542E9	422.8362369337979
3.238099315E9	414.57971014492756
3.2382141815E9	382.7153846153846
3.238271533E9	429.4955223880597
3.238490846E9	403.5821596244131
3.2387687855E9	409.6595744680851
3.2389479085E9	380.3883495145631
3.2391198525E9	390.05194805194805
3.2392193625E9	397.65714285714284
3.2393578215E9	404.7738095238095
3.2399685605E9	417.11028037383176
3.2405266115E9	0.0
3.2406501915E9	369.7280701754386
3.240738909E9	381.86
3.240859956E9	403.40972222222223
3.240983631E9	0.0
3.2410985115E9	0.0
3.241181883E9	0.0
3.2412542825E9	293.6666666666667
3.241426831E9	0.0
3.241564756E9	393.25
3.241660427E9	379.9593495934959
3.2417601175E9	413.4809523809524
3.2419314205E9	414.9403341288783
3.2421545085E9	0.0
3.242399707E9	412.6239168110919
3.2426836075E9	381.29347826086956
3.242866106E9	372.8421052631579
3.2429652335E9	374.7
3.243095101E9	406.06382978723406
3.243318941E9	406.77777777777777
3.2435334785E9	413.1363636363636
3.2436866875E9	432.0444444444444
3.2438748725E9	397.0980392156863
3.2440625605E9	0.0
3.2442246175E9	396.2237442922374
3.244495339E9	412.7111111111111
3.2452568215E9	386.58484848484846
3.245894509E9	394.8888888888889
3.247694351E9	417.42170626349895
3.2500919835E9	420.77581395348835
3.250850687E9	433.2173913043478
3.251014601E9	0.0
3.251242424E9	417.1313131313131
3.251455123E9	412.13956639566396
3.251615791E9	399.12785388127855
3.252009278E9	406.13691275167787
3.2523936445E9	388.0
3.2550725435E9	402.28654661016947
3.257664623E9	0.0
3.2577334835E9	375.3333333333333
3.257869521E9	382.61333333333334
3.2581109705E9	415.3560975609756
3.2583179055E9	410.3298969072165
3.2590735355E9	406.8073541167066
3.259872161E9	0.0
3.2600380465E9	424.4258064516129
3.2604816615E9	411.1855010660981
3.260883428E9	392.6545454545454
3.261057439E9	428.5
3.2612777135E9	385.8702702702703
3.261638883E9	0.0
3.2639200295E9	420.6578822412156
3.266222435E9	422.6892201834862
3.2666362345E9	388.26582278481015
3.2668601815E9	412.81511627906974
3.2675016395E9	403.92727272727274
3.268121843E9	421.1911111111111
3.2682916235E9	394.62189054726366
3.270712174E9	415.02582582582585
3.273596916E9	413.88212927756655
3.274156697E9	0.0
3.2742553725E9	372.1394230769231
3.276754094E9	419.09256844850063
3.2797011955E9	405.22545454545457
3.2803164755E9	395.0755555555556
3.2814081995E9	416.5705824284304
3.2837113935E9	418.9379293424926
3.28550629E9	402.5175097276265
3.286090435E9	373.16402116402116
3.288419179E9	416.36867862969007
3.2908838135E9	428.65346534653463
3.2915960575E9	420.843954248366
3.2921279835E9	381.2857142857143
3.292564599E9	414.8333333333333
3.2934962385E9	422.1535776614311
3.294154042E9	357.0
3.294363645E9	359.70588235294116
3.294527371E9	380.6666666666667
3.294691411E9	391.2
3.294879044E9	404.625
3.2950859195E9	383.5
3.2952684415E9	341.5
3.2954315565E9	367.9166666666667
3.295609155E9	311.0
3.2957867445E9	350.64285714285717
3.2959746815E9	436.3076923076923
3.296162611E9	365.26666666666665
3.2963402015E9	380.2
3.2965279255E9	363.0
3.296684947E9	352.5
3.296831853E9	405.55555555555554
3.297016206E9	374.3076923076923
3.2972563205E9	397.2
3.2974914E9	395.69565217391306
3.2976800435E9	377.22222222222223
3.297867821E9	397.42857142857144
3.298061309E9	367.27027027027026
3.2982467695E9	360.44444444444446
3.2984397095E9	338.0
3.298632844E9	376.1951219512195
3.298806803E9	347.0
3.298903778E9	0.0
