#Insert size (bp)	insert size
3.0	3.0
4.0	2.0
5.0	2.0
6.0	6.0
7.0	1.0
9.0	2.0
10.0	3.0
12.0	3.0
13.0	3.0
16.0	1.0
17.0	2.0
18.0	3.0
19.0	10.0
20.0	4.0
21.0	1.0
22.0	8.0
23.0	6.0
24.0	1.0
25.0	3.0
26.0	4.0
27.0	7.0
28.0	5.0
29.0	5.0
30.0	3.0
31.0	6.0
32.0	7.0
33.0	7.0
34.0	12.0
35.0	8.0
36.0	5.0
37.0	4.0
38.0	10.0
39.0	11.0
40.0	12.0
41.0	22.0
42.0	13.0
43.0	19.0
44.0	18.0
45.0	29.0
46.0	18.0
47.0	22.0
48.0	21.0
49.0	27.0
50.0	24.0
51.0	29.0
52.0	19.0
53.0	19.0
54.0	36.0
55.0	25.0
56.0	26.0
57.0	23.0
58.0	35.0
59.0	26.0
60.0	22.0
61.0	16.0
62.0	32.0
63.0	32.0
64.0	25.0
65.0	30.0
66.0	40.0
67.0	42.0
68.0	36.0
69.0	32.0
70.0	23.0
71.0	34.0
72.0	34.0
73.0	27.0
74.0	38.0
75.0	44.0
76.0	38.0
77.0	31.0
78.0	45.0
79.0	34.0
80.0	30.0
81.0	45.0
82.0	41.0
83.0	38.0
84.0	30.0
85.0	48.0
86.0	43.0
87.0	38.0
88.0	33.0
89.0	50.0
90.0	39.0
91.0	56.0
92.0	39.0
93.0	49.0
94.0	35.0
95.0	53.0
96.0	45.0
97.0	39.0
98.0	55.0
99.0	46.0
100.0	66.0
101.0	51.0
102.0	47.0
103.0	63.0
104.0	52.0
105.0	47.0
106.0	65.0
107.0	69.0
108.0	60.0
109.0	68.0
110.0	71.0
111.0	65.0
112.0	71.0
113.0	89.0
114.0	75.0
115.0	84.0
116.0	92.0
117.0	84.0
118.0	84.0
119.0	86.0
120.0	71.0
121.0	90.0
122.0	102.0
123.0	98.0
124.0	114.0
125.0	109.0
126.0	96.0
127.0	113.0
128.0	92.0
129.0	112.0
130.0	125.0
131.0	123.0
132.0	157.0
133.0	124.0
134.0	153.0
135.0	152.0
136.0	153.0
137.0	158.0
138.0	173.0
139.0	154.0
140.0	209.0
141.0	178.0
142.0	190.0
143.0	212.0
144.0	191.0
145.0	220.0
146.0	219.0
147.0	243.0
148.0	248.0
149.0	233.0
150.0	246.0
151.0	289.0
152.0	262.0
153.0	293.0
154.0	286.0
155.0	271.0
156.0	272.0
157.0	297.0
158.0	316.0
159.0	335.0
160.0	351.0
161.0	343.0
162.0	357.0
163.0	358.0
164.0	376.0
165.0	371.0
166.0	362.0
167.0	368.0
168.0	404.0
169.0	408.0
170.0	434.0
171.0	431.0
172.0	460.0
173.0	504.0
174.0	481.0
175.0	515.0
176.0	556.0
177.0	555.0
178.0	547.0
179.0	578.0
180.0	614.0
181.0	635.0
182.0	641.0
183.0	615.0
184.0	620.0
185.0	648.0
186.0	695.0
187.0	734.0
188.0	714.0
189.0	776.0
190.0	746.0
191.0	856.0
192.0	865.0
193.0	845.0
194.0	917.0
195.0	917.0
196.0	965.0
197.0	927.0
198.0	991.0
199.0	1004.0
200.0	997.0
201.0	1104.0
202.0	1081.0
203.0	1071.0
204.0	1212.0
205.0	1207.0
206.0	1209.0
207.0	1243.0
208.0	1280.0
209.0	1396.0
210.0	1364.0
211.0	1424.0
212.0	1433.0
213.0	1459.0
214.0	1497.0
215.0	1590.0
216.0	1638.0
217.0	1573.0
218.0	1632.0
219.0	1719.0
220.0	1771.0
221.0	1823.0
222.0	1781.0
223.0	1859.0
224.0	2013.0
225.0	1951.0
226.0	1956.0
227.0	2071.0
228.0	2076.0
229.0	2218.0
230.0	2256.0
231.0	2327.0
232.0	2395.0
233.0	2411.0
234.0	2482.0
235.0	2556.0
236.0	2560.0
237.0	2670.0
238.0	2682.0
239.0	2869.0
240.0	2972.0
241.0	2879.0
242.0	2954.0
243.0	3012.0
244.0	3045.0
245.0	3206.0
246.0	3276.0
247.0	3241.0
248.0	3428.0
249.0	3591.0
250.0	3595.0
251.0	3704.0
252.0	3542.0
253.0	3914.0
254.0	3828.0
255.0	4065.0
256.0	4107.0
257.0	4077.0
258.0	4215.0
259.0	4345.0
260.0	4456.0
261.0	4373.0
262.0	4889.0
263.0	4831.0
264.0	4924.0
265.0	5067.0
266.0	5034.0
267.0	5005.0
268.0	5197.0
269.0	5445.0
270.0	5537.0
271.0	5639.0
272.0	5665.0
273.0	5851.0
274.0	5730.0
275.0	5918.0
276.0	6170.0
277.0	6173.0
278.0	6313.0
279.0	6465.0
280.0	6576.0
281.0	6569.0
282.0	6876.0
283.0	7235.0
284.0	7051.0
285.0	7298.0
286.0	7403.0
287.0	7640.0
288.0	7657.0
289.0	7712.0
290.0	7883.0
291.0	8117.0
292.0	8254.0
293.0	8358.0
294.0	8629.0
295.0	8612.0
296.0	8678.0
297.0	8957.0
298.0	8854.0
299.0	9271.0
300.0	9524.0
301.0	9462.0
302.0	9637.0
303.0	9808.0
304.0	10022.0
305.0	9897.0
306.0	10151.0
307.0	10081.0
308.0	10594.0
309.0	10500.0
310.0	10662.0
311.0	10806.0
312.0	11028.0
313.0	10978.0
314.0	11134.0
315.0	11519.0
316.0	11455.0
317.0	11760.0
318.0	11803.0
319.0	11892.0
320.0	11970.0
321.0	12048.0
322.0	12372.0
323.0	12187.0
324.0	12681.0
325.0	12607.0
326.0	12812.0
327.0	12743.0
328.0	12914.0
329.0	13428.0
330.0	13307.0
331.0	13636.0
332.0	13448.0
333.0	13459.0
334.0	13925.0
335.0	13993.0
336.0	13812.0
337.0	14340.0
338.0	13853.0
339.0	14310.0
340.0	14208.0
341.0	14447.0
342.0	14359.0
343.0	14441.0
344.0	14267.0
345.0	14663.0
346.0	14484.0
347.0	14839.0
348.0	14680.0
349.0	14929.0
350.0	14897.0
351.0	15135.0
352.0	14791.0
353.0	14897.0
354.0	15045.0
355.0	15131.0
356.0	15156.0
357.0	15347.0
358.0	15087.0
359.0	15169.0
360.0	14928.0
361.0	15135.0
362.0	15391.0
363.0	15137.0
364.0	15035.0
365.0	15077.0
366.0	15337.0
367.0	15238.0
368.0	15096.0
369.0	15133.0
370.0	15216.0
371.0	15163.0
372.0	14937.0
373.0	14987.0
374.0	14994.0
375.0	15112.0
376.0	15347.0
377.0	14799.0
378.0	14914.0
379.0	14876.0
380.0	14955.0
381.0	14839.0
382.0	14716.0
383.0	14736.0
384.0	14485.0
385.0	14676.0
386.0	14606.0
387.0	14512.0
388.0	14680.0
389.0	14618.0
390.0	14449.0
391.0	14324.0
392.0	14088.0
393.0	14290.0
394.0	14030.0
395.0	13957.0
396.0	13938.0
397.0	13978.0
398.0	13975.0
399.0	13916.0
400.0	13750.0
401.0	13714.0
402.0	13376.0
403.0	13676.0
404.0	13360.0
405.0	13225.0
406.0	13235.0
407.0	13252.0
408.0	12977.0
409.0	13115.0
410.0	13029.0
411.0	12941.0
412.0	12697.0
413.0	12583.0
414.0	12641.0
415.0	12489.0
416.0	12522.0
417.0	12620.0
418.0	12376.0
419.0	12264.0
420.0	12147.0
421.0	12022.0
422.0	11810.0
423.0	11709.0
424.0	11821.0
425.0	11588.0
426.0	11634.0
427.0	11590.0
428.0	11315.0
429.0	11191.0
430.0	11370.0
431.0	11083.0
432.0	11111.0
433.0	10982.0
434.0	10866.0
435.0	10772.0
436.0	10939.0
437.0	10733.0
438.0	10557.0
439.0	10293.0
440.0	10435.0
441.0	10461.0
442.0	10281.0
443.0	10332.0
444.0	10180.0
445.0	10088.0
446.0	9979.0
447.0	9906.0
448.0	9801.0
449.0	9925.0
450.0	9599.0
451.0	9723.0
452.0	9677.0
453.0	9574.0
454.0	9425.0
455.0	9358.0
456.0	9358.0
457.0	9205.0
458.0	9169.0
459.0	9126.0
460.0	9032.0
461.0	8648.0
462.0	8684.0
463.0	8805.0
464.0	8724.0
465.0	8728.0
466.0	8597.0
467.0	8402.0
468.0	8370.0
469.0	8494.0
470.0	8394.0
471.0	8284.0
472.0	8246.0
473.0	8192.0
474.0	8060.0
475.0	7876.0
476.0	7920.0
477.0	7662.0
478.0	7664.0
479.0	7719.0
480.0	7538.0
481.0	7800.0
482.0	7431.0
483.0	7430.0
484.0	7329.0
485.0	7330.0
486.0	7303.0
487.0	7122.0
488.0	7062.0
489.0	6984.0
490.0	6898.0
491.0	6958.0
492.0	6783.0
493.0	6879.0
494.0	6795.0
495.0	6713.0
496.0	6565.0
497.0	6571.0
498.0	6521.0
499.0	6529.0
500.0	6407.0
501.0	6390.0
502.0	6183.0
503.0	6160.0
504.0	6095.0
505.0	6060.0
506.0	6060.0
507.0	5917.0
508.0	5887.0
509.0	5758.0
510.0	5792.0
511.0	5769.0
512.0	5760.0
513.0	5640.0
514.0	5656.0
515.0	5514.0
516.0	5416.0
517.0	5341.0
518.0	5451.0
519.0	5301.0
520.0	5275.0
521.0	5261.0
522.0	5361.0
523.0	5128.0
524.0	5090.0
525.0	5009.0
526.0	4871.0
527.0	4814.0
528.0	4849.0
529.0	4803.0
530.0	4859.0
531.0	4570.0
532.0	4730.0
533.0	4537.0
534.0	4580.0
535.0	4525.0
536.0	4599.0
537.0	4401.0
538.0	4570.0
539.0	4364.0
540.0	4388.0
541.0	4238.0
542.0	4216.0
543.0	4193.0
544.0	4010.0
545.0	4057.0
546.0	3983.0
547.0	4067.0
548.0	3971.0
549.0	3990.0
550.0	3732.0
551.0	3805.0
552.0	3804.0
553.0	3567.0
554.0	3666.0
555.0	3613.0
556.0	3635.0
557.0	3632.0
558.0	3603.0
559.0	3474.0
560.0	3380.0
561.0	3360.0
562.0	3400.0
563.0	3205.0
564.0	3239.0
565.0	3104.0
566.0	3108.0
567.0	3140.0
568.0	3087.0
569.0	2886.0
570.0	2976.0
571.0	2987.0
572.0	2938.0
573.0	3039.0
574.0	2887.0
575.0	2889.0
576.0	2834.0
577.0	2855.0
578.0	2720.0
579.0	2605.0
580.0	2681.0
581.0	2604.0
582.0	2611.0
583.0	2658.0
584.0	2642.0
585.0	2506.0
586.0	2336.0
587.0	2422.0
588.0	2441.0
589.0	2359.0
590.0	2327.0
591.0	2365.0
592.0	2193.0
593.0	2153.0
594.0	2160.0
595.0	2135.0
596.0	2159.0
597.0	2226.0
598.0	2143.0
599.0	1971.0
600.0	2076.0
601.0	2021.0
602.0	2017.0
603.0	1932.0
604.0	1948.0
605.0	1919.0
606.0	1902.0
607.0	1877.0
608.0	1744.0
609.0	1742.0
610.0	1746.0
611.0	1658.0
612.0	1693.0
613.0	1653.0
614.0	1622.0
615.0	1665.0
616.0	1556.0
617.0	1584.0
618.0	1544.0
619.0	1546.0
620.0	1532.0
621.0	1475.0
622.0	1404.0
623.0	1445.0
624.0	1424.0
625.0	1375.0
626.0	1337.0
627.0	1315.0
628.0	1292.0
629.0	1312.0
630.0	1307.0
631.0	1216.0
632.0	1273.0
633.0	1222.0
634.0	1199.0
635.0	1132.0
636.0	1166.0
637.0	1178.0
638.0	1145.0
639.0	1079.0
640.0	1134.0
641.0	1093.0
642.0	1073.0
643.0	1006.0
644.0	1029.0
645.0	1036.0
646.0	917.0
647.0	1004.0
648.0	938.0
649.0	947.0
650.0	893.0
651.0	872.0
652.0	869.0
653.0	870.0
654.0	913.0
655.0	814.0
656.0	800.0
657.0	828.0
658.0	784.0
659.0	785.0
660.0	749.0
661.0	775.0
662.0	762.0
663.0	717.0
664.0	759.0
665.0	690.0
666.0	709.0
667.0	705.0
668.0	704.0
669.0	688.0
670.0	708.0
671.0	699.0
672.0	628.0
673.0	598.0
674.0	640.0
675.0	593.0
676.0	560.0
677.0	589.0
678.0	558.0
679.0	555.0
680.0	567.0
681.0	543.0
682.0	514.0
683.0	540.0
684.0	525.0
685.0	477.0
686.0	485.0
687.0	460.0
688.0	468.0
689.0	494.0
690.0	477.0
691.0	454.0
692.0	466.0
693.0	420.0
694.0	445.0
695.0	420.0
696.0	374.0
697.0	458.0
698.0	423.0
699.0	405.0
700.0	424.0
701.0	333.0
702.0	329.0
703.0	369.0
704.0	373.0
705.0	353.0
706.0	348.0
707.0	326.0
708.0	322.0
709.0	319.0
710.0	309.0
711.0	335.0
712.0	318.0
713.0	295.0
714.0	300.0
715.0	287.0
716.0	294.0
717.0	306.0
718.0	241.0
719.0	274.0
720.0	277.0
721.0	276.0
722.0	247.0
723.0	254.0
724.0	239.0
725.0	234.0
726.0	233.0
727.0	218.0
728.0	231.0
729.0	230.0
730.0	210.0
731.0	187.0
732.0	210.0
733.0	194.0
734.0	215.0
735.0	176.0
736.0	172.0
737.0	199.0
738.0	182.0
739.0	171.0
740.0	170.0
741.0	184.0
742.0	190.0
743.0	144.0
744.0	159.0
745.0	117.0
746.0	181.0
747.0	147.0
748.0	170.0
749.0	121.0
750.0	141.0
751.0	138.0
752.0	166.0
753.0	131.0
754.0	128.0
755.0	114.0
756.0	121.0
757.0	119.0
758.0	101.0
759.0	147.0
760.0	122.0
761.0	102.0
762.0	110.0
763.0	115.0
764.0	101.0
765.0	132.0
766.0	141.0
767.0	100.0
768.0	108.0
769.0	126.0
770.0	106.0
771.0	102.0
772.0	82.0
773.0	77.0
774.0	92.0
775.0	93.0
776.0	90.0
777.0	83.0
778.0	87.0
779.0	66.0
780.0	74.0
781.0	81.0
782.0	73.0
783.0	77.0
784.0	90.0
785.0	67.0
786.0	64.0
787.0	72.0
788.0	66.0
789.0	68.0
790.0	73.0
791.0	70.0
792.0	63.0
793.0	63.0
794.0	43.0
795.0	54.0
796.0	56.0
797.0	66.0
798.0	54.0
799.0	66.0
800.0	51.0
801.0	52.0
802.0	58.0
803.0	51.0
804.0	61.0
805.0	45.0
806.0	43.0
807.0	46.0
808.0	50.0
809.0	55.0
810.0	53.0
811.0	55.0
812.0	49.0
813.0	40.0
814.0	39.0
815.0	39.0
816.0	50.0
817.0	36.0
818.0	23.0
819.0	41.0
820.0	28.0
821.0	38.0
822.0	45.0
823.0	46.0
824.0	27.0
825.0	30.0
826.0	39.0
827.0	23.0
828.0	33.0
829.0	35.0
830.0	28.0
831.0	22.0
832.0	34.0
833.0	31.0
834.0	31.0
835.0	29.0
836.0	24.0
837.0	23.0
838.0	34.0
839.0	32.0
840.0	16.0
841.0	22.0
842.0	30.0
843.0	23.0
844.0	18.0
845.0	27.0
846.0	20.0
847.0	11.0
848.0	12.0
849.0	17.0
850.0	19.0
851.0	18.0
852.0	14.0
853.0	18.0
854.0	21.0
855.0	15.0
856.0	14.0
857.0	19.0
858.0	14.0
859.0	17.0
860.0	19.0
861.0	13.0
862.0	13.0
863.0	19.0
864.0	13.0
865.0	15.0
866.0	17.0
867.0	18.0
868.0	7.0
869.0	9.0
870.0	7.0
871.0	12.0
872.0	10.0
873.0	12.0
874.0	10.0
875.0	14.0
876.0	11.0
877.0	5.0
878.0	9.0
879.0	8.0
880.0	10.0
881.0	8.0
882.0	11.0
883.0	14.0
884.0	4.0
885.0	8.0
886.0	11.0
887.0	5.0
888.0	13.0
889.0	4.0
890.0	13.0
891.0	14.0
892.0	6.0
893.0	6.0
894.0	12.0
895.0	9.0
896.0	15.0
897.0	5.0
898.0	7.0
899.0	8.0
900.0	6.0
901.0	4.0
902.0	8.0
903.0	6.0
904.0	8.0
905.0	7.0
906.0	7.0
907.0	8.0
908.0	11.0
909.0	5.0
910.0	11.0
911.0	4.0
912.0	5.0
913.0	9.0
914.0	6.0
915.0	3.0
916.0	11.0
917.0	7.0
918.0	9.0
