# Position (bp)	A	C	G	T	N
0.0	26.413497562312806	26.855503857054003	22.565056330410794	24.112676261003045	0.05326598921935129
1.0	25.717064774040193	24.023109789056345	25.57608349651732	24.650048111336762	0.03369382904937841
2.0	24.06366539573173	25.912181089614077	25.037055063051874	24.985433735680036	0.0016647159222813752
3.0	23.95723624237537	25.916011217467418	25.211477402794685	24.914019337800248	0.001255799562285767
4.0	24.277946354144685	24.89504627493119	25.65596172703879	25.167748232670778	0.0032974112145560436
5.0	24.001179392386117	25.98600605572629	25.72944285050067	24.282706403117828	6.652982690904692E-4
6.0	24.124665333114216	25.239957045319063	26.042023683734293	24.593248108335537	1.0582949688808364E-4
7.0	24.171743956455582	25.761502770956156	25.220508008125275	24.84607898593072	1.6627853226241896E-4
8.0	23.852362697111833	25.94985101606064	25.150075908885157	25.047302306284987	4.0807165738303644E-4
9.0	24.211776869338763	25.815067800736237	25.443745494092283	24.529349391880956	6.044395175907767E-5
10.0	24.15625148720831	25.782975987865136	25.344915239513245	24.715101878018324	7.554073949851525E-4
11.0	24.05124386654805	26.008540342293486	25.393794013904987	24.54631603133765	1.0574591582836591E-4
12.0	24.239252257396014	25.74404195478864	25.428791957054344	24.587747679164288	1.6615159671684444E-4
13.0	24.28052534125131	25.679602852646493	25.48252436862089	24.55728702565388	6.0411827427573765E-5
14.0	24.04199837331733	25.99548237664801	25.469860916517597	24.492582828380147	7.550513691648497E-5
15.0	24.157499827116734	25.823958631223533	25.53810483097754	24.480436710682195	0.0
16.0	24.090329829367157	25.804478717659197	25.568248984659032	24.536942468314614	0.0
17.0	23.898048607142137	26.129622266161494	25.55602151716092	24.41627741763877	3.0191896676083518E-5
18.0	23.968504488490773	26.00269526806566	25.63448083485687	24.3943194085867	0.0
19.0	23.952493287390254	25.91452232933218	25.688897139726425	24.44408724355114	0.0
20.0	23.78310066695582	26.149606125719227	25.733275623258244	24.333987400973044	3.0183093664478092E-5
21.0	23.894661993454967	26.08748599983159	25.744178178419265	24.27362855693311	4.527136106536189E-5
22.0	23.886659347305304	25.963774593446498	25.781600356833955	24.36734703731848	6.186650957603031E-4
23.0	23.688923611928388	26.21737849903526	25.83356418320487	24.257553619031928	0.0025800867995516984
24.0	23.85299854318368	26.09597667645522	25.828617086632892	24.222407693728208	0.0
25.0	23.847642725570743	26.007138730024153	25.885635493307063	24.25958305109804	0.0
26.0	23.637213068707226	26.24602769697992	25.95619627981547	24.159793610705403	7.693437919839204E-4
27.0	23.766422261025706	26.158578674199962	25.912433312376233	24.162550668113152	1.5084284950589916E-5
28.0	23.74636981423042	26.08904064752227	25.959776319921517	24.20439088446665	4.22333859138988E-4
29.0	23.60649126135749	26.312862677268246	25.981108279290265	24.099386957207663	1.5082487633114264E-4
30.0	23.699241334710386	26.175023286005235	26.040269104176524	24.08536070384062	1.055712672412961E-4
31.0	23.745966625465773	26.076380908603387	26.086470000259393	24.09118246567145	0.0
32.0	23.543231424453246	26.328722717304725	26.13353987155904	23.99443058575363	7.540092936169494E-5
33.0	23.65995916781233	26.26252481892196	26.095791124013108	23.981574094557022	1.507946955854702E-4
34.0	23.651798780280934	26.184800481916447	26.14549021352246	24.017714500693998	1.9602358616103638E-4
35.0	23.504829264754864	26.358586459422252	26.165617914742523	23.97084573689241	1.2062418795419718E-4
36.0	23.58656374072348	26.272877785669923	26.18903271495646	23.951435294628503	9.046402162934448E-5
37.0	23.57468191830513	26.267102686224224	26.144724721193235	24.0129328345945	5.578396829058322E-4
38.0	23.475730825140186	26.396257369611437	26.19095001313135	23.936790420959987	2.7137115704520227E-4
39.0	23.50288417283117	26.36571006973784	26.226216296605397	23.905083932195744	1.0552862984189852E-4
40.0	23.51893908273228	26.270983439373303	26.25838075044792	23.951410302698196	2.8642474830425246E-4
41.0	23.40356285495706	26.47685877843896	26.24236006165465	23.877188155975716	3.0148973615879464E-5
42.0	23.483536129467947	26.401554435386622	26.26220997539916	23.852654237615166	4.522213110800251E-5
43.0	23.501859166410917	26.348536271983956	26.26786286002319	23.881711554567	3.0147014933022376E-5
44.0	23.324303112163	26.504987874542778	26.29181074549593	23.878898267798284	0.0
45.0	23.43774328009966	26.435187732164106	26.30381553631463	23.823253451421603	0.0
46.0	23.466250756808336	26.374203420133114	26.294909048104298	23.8645915586235	4.521633075203349E-5
47.0	23.302554425764757	26.552915581190828	26.33818918138857	23.806310668271298	3.0143384544431728E-5
48.0	23.336732427022223	26.517406966765545	26.361780120335755	23.784020200443038	6.028543344171649E-5
49.0	23.39627634843603	26.414153113193283	26.337411595414256	23.852098658967595	6.028398882877403E-5
50.0	23.26936834606469	26.623743699186775	26.321805007133648	23.784510266292294	5.726813225864157E-4
51.0	23.34847948939405	26.527137771346442	26.35958615141705	23.76478151754025	1.5070302206277172E-5
52.0	23.329911452040065	26.471632493565888	26.376948053611613	23.819910587025444	0.0015974137569875549
53.0	23.239110074316194	26.65497258445998	26.357542042561338	23.74805883509762	3.1646356487164014E-4
54.0	23.332648172549604	26.575035955871627	26.384843560312433	23.707427102710223	4.520855611105151E-5
55.0	23.30613072172188	26.52064005376729	26.400326702586874	23.772766898156345	1.3562376761319498E-4
56.0	23.145972192314165	26.721291292644345	26.416276840586132	23.71642953617641	3.0138278944539388E-5
57.0	23.261143425454325	26.64437479280311	26.368870739278506	23.725475422681654	1.3561978240559356E-4
58.0	23.268667547883783	26.5537328465543	26.404899374287627	23.772474200892187	2.2603038209984032E-4
59.0	23.155312485167023	26.76070366516761	26.398413596538482	23.685419568907516	1.5068421936910025E-4
60.0	23.204660315891303	26.664079946236395	26.445424217127805	23.68562456490358	2.109558409151867E-4
61.0	23.211533364464028	26.609706236852144	26.438170991889294	23.736852518112986	0.00373688868155184
62.0	23.089181500013485	26.842552783690728	26.404690858993813	23.66304747620268	5.273810992942586E-4
63.0	23.1904216230714	26.67703339729666	26.434424778294357	23.6980749975703	4.520376728196528E-5
64.0	23.19300953576613	26.65436938670405	26.433190119544385	23.719400822517464	3.0135467969161772E-5
65.0	23.080950774454372	26.810042344603985	26.4649179257819	23.64389307576901	1.9587939073071602E-4
66.0	23.13060440481055	26.76979856387409	26.447562238350613	23.651959454817	7.533814774232666E-5
67.0	23.13988345242983	26.699549103291886	26.434842223821057	23.725619747543046	1.0547291417894986E-4
68.0	23.024884677364067	26.86644120711516	26.447053292882206	23.66153041782843	9.040481013859812E-5
69.0	23.133978659749328	26.786209357212943	26.46688608809483	23.612850557975715	7.533696718683327E-5
70.0	23.085372385908105	26.779526176892254	26.450530483895633	23.684510683884636	6.026941937194745E-5
71.0	22.97237414724396	26.944928650779744	26.465138725931215	23.617468071888783	9.040415630095122E-5
72.0	23.05993060590555	26.848249085865096	26.4726506868593	23.618627197494725	5.424238753292965E-4
73.0	23.09089166757573	26.78624917656943	26.48011079925049	23.64262781782009	1.2053878425787586E-4
74.0	22.939854792297176	26.95236798005315	26.52076184472184	23.586578427859774	4.3695506806102545E-4
75.0	23.033379173677446	26.860146368665756	26.52748620081084	23.578943054359154	4.520248679974379E-5
76.0	23.02772291937223	26.795572493480652	26.53701348981879	23.63954042191827	1.506754100593616E-4
77.0	22.894304204769398	26.974223768087292	26.557997388188507	23.573339030881424	1.3560807338144605E-4
78.0	22.991013546204048	26.932917789640648	26.49891129219995	23.576298520047487	8.588519078641753E-4
79.0	23.031009567066654	26.84067415168262	26.522369614174217	23.60555490764573	3.917594307795741E-4
80.0	22.884807208401767	27.011014510223454	26.546446276010666	23.557596395799116	1.3560956499465097E-4
81.0	22.926617069474343	26.97685856121131	26.502026770670696	23.594467463030384	3.013561327329114E-5
82.0	22.962488156629032	26.894155823804393	26.527824990537358	23.615320078401307	2.1095062790961187E-4
83.0	22.832933857355812	27.12369310179548	26.526159209873835	23.51713849131733	7.533965754509343E-5
84.0	22.949218014256168	27.00158485578234	26.528358190063955	23.520552647257635	2.8629263989840526E-4
85.0	22.943460263004674	26.944719353590486	26.538347716338766	23.5734123946589	6.0272407171452094E-5
86.0	22.83533441713967	27.0935963560239	26.54842840798151	23.522460000298352	1.808185565646403E-4
87.0	22.92734225246868	27.035220524006608	26.543420925938786	23.49388068276937	1.356148165515774E-4
88.0	22.918949218664654	26.948923323581553	26.5971962187302	23.534765486382287	1.6575264130601027E-4
89.0	22.82184055787595	27.150840059707843	26.545880740423073	23.48140850478142	3.013721171119992E-5
90.0	22.86473705774647	27.054924101155066	26.60182298271001	23.478350102550124	1.6575583833501576E-4
91.0	22.868969798890326	27.044504519166146	26.563806286146548	23.522659120156476	6.02756405040249E-5
92.0	22.74157122541876	27.191122747116648	26.568604153007175	23.498536114622624	1.657598347947072E-4
93.0	22.838290771187918	27.12641700102863	26.5773832576203	23.457758277474063	1.5069268908391201E-4
94.0	22.849788545788154	27.1236139140247	26.523067074626216	23.50331949357078	2.1097199015303306E-4
95.0	22.734336960945985	27.24095637325737	26.565670980751406	23.458869919065513	1.6576597972742347E-4
96.0	22.811766943319977	27.171369833245475	26.56991486408001	23.446903149640235	4.520971430173144E-5
97.0	22.824834985351035	27.116685200470247	26.564348215683744	23.493754844119383	3.767543755876426E-4
98.0	22.703857842239668	27.281124325497387	26.56444292733946	23.45040912855129	1.6577637219508264E-4
99.0	22.79532565106174	27.227047190343374	26.556509999507178	23.420845881792125	2.7127729558238485E-4
100.0	22.74994208834914	27.156080527412747	26.599676538750614	23.49411998932346	1.8085616403774648E-4
101.0	22.684929244017557	27.2828020731536	26.5959207320786	23.43612187403729	2.260767129531105E-4
102.0	22.759313278794423	27.251945582471986	26.5993687200197	23.38908604874861	2.863699652768881E-4
103.0	22.7254880061327	27.22393621679321	26.60484831110366	23.445350653445672	3.768125247660032E-4
104.0	22.66409060975707	27.30745931563967	26.625064493116135	23.399346047715635	0.004039533771482067
105.0	22.73746642786449	27.254002051785424	26.630809158933783	23.376365759240496	0.0013566021758090099
106.0	22.736057345682017	27.187661525535145	26.632341540482358	23.443743628479474	1.959598210012552E-4
107.0	22.643368702864283	27.38643335539218	26.608534815044838	23.36152745723774	1.3566946095508285E-4
108.0	22.723033259260387	27.29088839446625	26.642321736879687	23.343666160100373	9.044929329705915E-5
109.0	22.719193669768586	27.200092502810058	26.655929948719432	23.42318588361289	0.001597995089029432
110.0	22.582087605843807	27.370234154806155	26.700115558483674	23.347276234527186	2.86446339178095E-4
111.0	22.635464786693845	27.33306999240131	26.674139719451446	23.35714458020239	1.8092125101014364E-4
112.0	22.699585099527564	27.24907628179941	26.64457723966797	23.406309056373573	4.5232263148038866E-4
113.0	22.60682229027159	27.378725302177454	26.674228861902684	23.340148154894223	7.539075404776728E-5
114.0	22.692104303276928	27.341046310887773	26.64351878728313	23.323209968616617	1.206299355549648E-4
115.0	22.715614160142366	27.270595569289362	26.682854086873732	23.33074014923048	1.960344640651486E-4
116.0	22.57734500649584	27.39296941035248	26.72106635862627	23.308468421461388	1.508030640166547E-4
117.0	22.63179754275921	27.380719702385154	26.71878364952196	23.268322079877517	3.7702545615555887E-4
118.0	22.65672896507009	27.26940790500636	26.733144237688006	23.340598237811978	1.206544235606719E-4
119.0	22.564460136319013	27.420676020556296	26.761931005524282	23.252797094740824	1.3574285958622861E-4
120.0	22.622047247657502	27.323358254689555	26.788092351053706	23.266441812854076	6.0333745161422184E-5
121.0	22.626420813870123	27.301196928162437	26.778192312501897	23.29409943935993	9.050610561730669E-5
122.0	22.521953090810847	27.39790687041118	26.806522411076987	23.273285753658044	3.318740429393722E-4
123.0	22.563615942624775	27.387316714049405	26.826583713564382	23.222076306696167	4.0732306527201264E-4
124.0	22.590046755924	27.307113143421997	26.82425575012171	23.278418394234016	1.6595629827536706E-4
125.0	22.504754242909073	27.467016025314116	26.845569637060102	23.18261483058238	4.526413432946616E-5
126.0	22.580719146906517	27.36937341761742	26.836755834115078	23.212668747865823	4.8285349515765847E-4
127.0	22.574582777383586	27.296003288466014	26.882153341628946	23.247049329102833	2.1126341862238746E-4
128.0	22.49108405137808	27.415455437762816	26.967786683665523	23.12500980935444	6.640178391410748E-4
129.0	22.560219698023882	27.372845210752715	26.928040022807735	23.138653588943377	2.4147947228283525E-4
130.0	22.58482859343541	27.305959823480393	26.963917990259333	23.145142654281457	1.5093854340984963E-4
131.0	22.47270541471799	27.398365540184166	26.999124773909987	23.12923064939723	5.736217906238197E-4
132.0	22.538680779607535	27.37331211520952	27.062633975135785	23.025191967809885	1.8116223727512672E-4
133.0	22.588551328811583	27.29747892612825	27.037666861082833	23.076272687317058	3.0196660279569742E-5
134.0	22.499337122756412	27.43220079472791	27.055070452224218	23.013150034940725	2.415953507390704E-4
135.0	22.60250906255078	27.33866968218098	27.080082685015878	22.97860265464327	1.359156090922106E-4
136.0	22.608409861821283	27.326266159943913	27.09238366214831	22.972864797036515	7.551904998243427E-5
137.0	22.568040721185646	27.393553183869045	27.133645506532204	22.904246996582952	5.135918301437015E-4
138.0	22.657212627650374	27.352229526840798	27.133957129899272	22.856510070926443	9.06446831152523E-5
139.0	22.7008579241264	27.268485740195636	27.197080199331154	22.833122863764093	4.532725827199799E-4
140.0	22.621651192030562	27.40503651046956	27.241283427631895	22.731877750374778	1.511194932056676E-4
141.0	22.74932075156859	27.344283732982515	27.21340673770914	22.6928829758034	1.058019363568101E-4
142.0	22.752275049123043	27.266062002514886	27.273076340486853	22.708374968367455	2.1163950777487966E-4
143.0	22.73467227231513	27.34303360289614	27.29596708095185	22.626281685800954	4.535803592447161E-5
144.0	22.782512288566867	27.257324336662354	27.360072436276145	22.599697789033275	3.931494613625562E-4
145.0	22.848957210656685	27.125486414430767	27.43198139429349	22.593408588121843	1.6639249721103484E-4
146.0	22.778666971706084	27.240397991702807	27.492403519936957	22.48838020742075	1.513092334038737E-4
147.0	22.91542406169546	27.055146915824825	27.594267840881386	22.434994702170574	1.664794277587495E-4
148.0	22.650295218290182	27.139223813397457	27.708513905972755	22.500725822540854	0.0012412397987496173
149.0	22.677639592752204	27.147562463679947	27.591599950289115	22.582895247327546	3.027459511891785E-4
